# Solver information
# Time        	U_solver      	Ux_initial    	Ux_final      	Ux_iters      	Uy_initial    	Uy_final      	Uy_iters      	Uz_initial    	Uz_final      	Uz_iters      	U_converged   	p_solver      	p_initial     	p_final       	p_iters       	p_converged   
1             	smoothSolver	1.000000e+00	9.681980e-02	14	1.000000e+00	9.135120e-02	12	1.000000e+00	9.089890e-02	13	false	GAMG	1.000000e+00	6.035830e-03	6	true
2             	smoothSolver	8.808980e-02	7.289110e-03	10	4.896610e-01	4.134550e-02	9	2.940970e-01	2.393790e-02	9	false	GAMG	2.680350e-01	2.169050e-03	4	true
3             	smoothSolver	8.363370e-02	7.359830e-03	5	5.194130e-01	4.041160e-02	6	3.711600e-01	2.874530e-02	5	false	GAMG	1.316460e-01	5.634150e-04	5	true
4             	smoothSolver	4.074400e-02	3.071720e-03	6	4.200560e-01	3.144380e-02	6	2.656370e-01	2.316030e-02	5	false	GAMG	8.002750e-02	6.459700e-04	4	true
5             	smoothSolver	2.057720e-02	1.947550e-03	6	3.223620e-01	2.718320e-02	6	2.133200e-01	1.671430e-02	6	false	GAMG	6.108720e-02	4.569480e-04	4	true
6             	smoothSolver	1.551460e-02	1.447270e-03	6	2.556320e-01	2.226040e-02	6	2.079250e-01	1.657810e-02	6	false	GAMG	4.999040e-02	3.027280e-04	4	true
7             	smoothSolver	1.144990e-02	8.566950e-04	7	2.100050e-01	1.912920e-02	6	2.122680e-01	1.777970e-02	6	false	GAMG	4.271210e-02	2.344350e-04	4	true
8             	smoothSolver	9.583560e-03	7.294550e-04	7	1.850920e-01	1.714970e-02	6	2.199060e-01	1.901090e-02	6	false	GAMG	3.834670e-02	2.013420e-04	4	true
9             	smoothSolver	8.065580e-03	6.452230e-04	7	1.715380e-01	1.612320e-02	6	1.993840e-01	1.822420e-02	6	false	GAMG	3.527930e-02	1.803170e-04	4	true
10            	smoothSolver	7.132590e-03	5.992570e-04	7	1.664020e-01	1.591870e-02	6	1.805900e-01	1.697070e-02	6	false	GAMG	3.347890e-02	1.570140e-04	4	true
11            	smoothSolver	6.660480e-03	5.749390e-04	7	1.619660e-01	1.602410e-02	6	1.681580e-01	1.630760e-02	6	false	GAMG	3.216820e-02	1.527300e-04	4	true
12            	smoothSolver	6.394810e-03	5.667550e-04	7	1.593180e-01	1.191000e-02	7	1.632510e-01	1.630170e-02	6	false	GAMG	3.123440e-02	1.516270e-04	4	true
13            	smoothSolver	6.208990e-03	5.603730e-04	7	1.557170e-01	1.198860e-02	7	1.596090e-01	1.221400e-02	7	false	GAMG	3.101360e-02	1.551490e-04	4	true
14            	smoothSolver	6.093710e-03	5.528510e-04	7	1.514960e-01	1.187310e-02	7	1.463830e-01	1.138220e-02	7	false	GAMG	3.105290e-02	1.546640e-04	4	true
15            	smoothSolver	5.957550e-03	5.420460e-04	7	1.445120e-01	1.143800e-02	7	1.299330e-01	1.030940e-02	7	false	GAMG	3.119300e-02	1.556730e-04	4	true
16            	smoothSolver	5.719440e-03	5.279010e-04	7	1.343560e-01	1.076870e-02	7	1.148550e-01	9.234880e-03	7	false	GAMG	3.098940e-02	1.589810e-04	4	true
17            	smoothSolver	5.435920e-03	5.127070e-04	7	1.217530e-01	9.751760e-03	7	1.028440e-01	8.289960e-03	7	false	GAMG	3.085780e-02	1.566830e-04	4	true
18            	smoothSolver	5.154970e-03	4.943780e-04	7	1.091620e-01	8.708580e-03	7	9.395340e-02	7.536370e-03	7	false	GAMG	3.044130e-02	1.481450e-04	4	true
19            	smoothSolver	4.919160e-03	4.754290e-04	7	9.965960e-02	7.930970e-03	7	8.576630e-02	6.959380e-03	7	false	GAMG	2.954770e-02	1.429760e-04	4	true
20            	smoothSolver	4.727320e-03	4.561120e-04	7	9.526590e-02	7.612360e-03	7	8.042980e-02	6.603070e-03	7	false	GAMG	2.859530e-02	1.459800e-04	4	true
21            	smoothSolver	4.477750e-03	4.352620e-04	7	9.369310e-02	7.568420e-03	7	7.600550e-02	6.336700e-03	7	false	GAMG	2.746870e-02	1.483440e-04	4	true
22            	smoothSolver	4.195680e-03	4.157900e-04	7	9.333510e-02	7.739480e-03	7	7.249000e-02	6.195770e-03	7	false	GAMG	2.644610e-02	1.473580e-04	4	true
23            	smoothSolver	3.967310e-03	3.003280e-04	8	9.428250e-02	8.073980e-03	7	7.003880e-02	6.121050e-03	7	false	GAMG	2.558640e-02	1.435310e-04	4	true
24            	smoothSolver	3.757710e-03	2.910690e-04	8	9.554860e-02	8.366250e-03	7	6.855170e-02	6.108730e-03	7	false	GAMG	2.475830e-02	1.379440e-04	4	true
25            	smoothSolver	3.605080e-03	2.854990e-04	8	9.540090e-02	8.378370e-03	7	6.655610e-02	6.029180e-03	7	false	GAMG	2.402430e-02	1.318220e-04	4	true
26            	smoothSolver	3.496460e-03	2.793310e-04	8	9.254560e-02	8.173090e-03	7	6.452380e-02	5.875960e-03	7	false	GAMG	2.340700e-02	1.278800e-04	4	true
27            	smoothSolver	3.398850e-03	2.742730e-04	8	8.824160e-02	7.901770e-03	7	6.226630e-02	5.705650e-03	7	false	GAMG	2.250540e-02	1.226370e-04	4	true
28            	smoothSolver	3.301550e-03	2.705370e-04	8	8.214760e-02	7.442750e-03	7	5.989790e-02	5.539980e-03	7	false	GAMG	2.161260e-02	1.193900e-04	4	true
29            	smoothSolver	3.238120e-03	2.687330e-04	8	7.529450e-02	6.892080e-03	7	5.695690e-02	5.305280e-03	7	false	GAMG	2.071220e-02	1.175760e-04	4	true
30            	smoothSolver	3.169410e-03	2.656340e-04	8	6.814410e-02	6.298090e-03	7	5.418960e-02	5.141370e-03	7	false	GAMG	1.987850e-02	1.120970e-04	4	true
31            	smoothSolver	3.110360e-03	2.613840e-04	8	6.179060e-02	5.794880e-03	7	5.170800e-02	5.020080e-03	7	false	GAMG	1.913680e-02	1.089110e-04	4	true
32            	smoothSolver	3.040920e-03	2.577570e-04	8	5.676060e-02	5.389110e-03	7	4.988560e-02	4.926350e-03	7	false	GAMG	1.838170e-02	1.090490e-04	4	true
33            	smoothSolver	2.950980e-03	2.539440e-04	8	5.316230e-02	5.131250e-03	7	4.816950e-02	3.645250e-03	8	false	GAMG	1.773600e-02	1.099680e-04	4	true
34            	smoothSolver	2.870310e-03	2.485250e-04	8	5.104020e-02	5.038510e-03	7	4.633440e-02	3.528850e-03	8	false	GAMG	1.701290e-02	1.040330e-04	4	true
35            	smoothSolver	2.784070e-03	2.408420e-04	8	5.043870e-02	5.036950e-03	7	4.466980e-02	3.407280e-03	8	false	GAMG	1.639840e-02	9.794520e-05	4	true
36            	smoothSolver	2.668360e-03	2.309550e-04	8	5.080980e-02	3.803920e-03	8	4.324180e-02	3.280120e-03	8	false	GAMG	1.581470e-02	9.430750e-05	4	true
37            	smoothSolver	2.546070e-03	2.213200e-04	8	5.137630e-02	5.126990e-03	7	4.175530e-02	3.147520e-03	8	false	GAMG	1.526660e-02	9.442260e-05	4	true
38            	smoothSolver	2.422810e-03	2.111040e-04	8	5.157660e-02	5.142390e-03	7	3.978010e-02	3.970450e-03	7	false	GAMG	1.467320e-02	9.058430e-05	4	true
39            	smoothSolver	2.302200e-03	2.010250e-04	8	5.103960e-02	5.057010e-03	7	3.820430e-02	3.762200e-03	7	false	GAMG	1.405090e-02	8.850360e-05	4	true
40            	smoothSolver	2.196600e-03	1.915120e-04	8	4.969920e-02	4.846010e-03	7	3.667230e-02	3.590880e-03	7	false	GAMG	1.347370e-02	8.568900e-05	4	true
41            	smoothSolver	2.107240e-03	1.817430e-04	8	4.729770e-02	4.533790e-03	7	3.516540e-02	3.429610e-03	7	false	GAMG	1.285700e-02	8.016900e-05	4	true
42            	smoothSolver	2.014450e-03	1.698580e-04	8	4.385620e-02	4.191510e-03	7	3.358780e-02	3.262690e-03	7	false	GAMG	1.221520e-02	7.214970e-05	4	true
43            	smoothSolver	1.904530e-03	1.581920e-04	8	3.996520e-02	3.782450e-03	7	3.187040e-02	3.051440e-03	7	false	GAMG	1.167760e-02	6.473480e-05	4	true
44            	smoothSolver	1.780790e-03	1.475910e-04	8	3.624900e-02	3.402080e-03	7	2.985310e-02	2.794820e-03	7	false	GAMG	1.124880e-02	5.915190e-05	4	true
45            	smoothSolver	1.666540e-03	1.376980e-04	8	3.316000e-02	3.094930e-03	7	2.785680e-02	2.539570e-03	7	false	GAMG	1.087650e-02	5.582490e-05	4	true
46            	smoothSolver	1.562130e-03	1.282430e-04	8	3.099950e-02	2.878880e-03	7	2.595610e-02	2.333900e-03	7	false	GAMG	1.051490e-02	5.356150e-05	4	true
47            	smoothSolver	1.476460e-03	1.201100e-04	8	2.968440e-02	2.719820e-03	7	2.461420e-02	2.176650e-03	7	false	GAMG	1.012070e-02	5.291960e-05	4	true
48            	smoothSolver	1.395690e-03	1.130320e-04	8	2.879570e-02	2.582300e-03	7	2.362380e-02	2.054850e-03	7	false	GAMG	9.698210e-03	5.170840e-05	4	true
49            	smoothSolver	1.326540e-03	1.076890e-04	8	2.806090e-02	2.447320e-03	7	2.278940e-02	1.952420e-03	7	false	GAMG	9.263940e-03	4.897160e-05	4	true
50            	smoothSolver	1.263110e-03	1.020340e-04	8	2.721590e-02	2.315960e-03	7	2.200030e-02	1.859570e-03	7	false	GAMG	8.812730e-03	4.479170e-05	4	true
51            	smoothSolver	1.197180e-03	9.533750e-05	8	2.603640e-02	2.203850e-03	7	2.111560e-02	1.775820e-03	7	false	GAMG	8.390420e-03	4.059620e-05	4	true
52            	smoothSolver	1.126790e-03	8.784750e-05	8	2.462840e-02	2.127470e-03	7	2.005670e-02	1.688530e-03	7	false	GAMG	8.001360e-03	3.738470e-05	4	true
53            	smoothSolver	1.058490e-03	8.040680e-05	8	2.316150e-02	2.039580e-03	7	1.887300e-02	1.600650e-03	7	false	GAMG	7.635040e-03	3.571340e-05	4	true
54            	smoothSolver	9.920480e-04	9.902350e-05	7	2.184720e-02	1.928050e-03	7	1.778270e-02	1.511230e-03	7	false	GAMG	7.358180e-03	3.459930e-05	4	true
55            	smoothSolver	9.330570e-04	9.062110e-05	7	2.089700e-02	1.784350e-03	7	1.712000e-02	1.418120e-03	7	false	GAMG	7.160860e-03	3.388830e-05	4	true
56            	smoothSolver	8.873890e-04	8.358140e-05	7	2.017670e-02	1.650610e-03	7	1.664800e-02	1.337550e-03	7	false	GAMG	6.963980e-03	3.357260e-05	4	true
57            	smoothSolver	8.372690e-04	7.807760e-05	7	1.949150e-02	1.542680e-03	7	1.620640e-02	1.268920e-03	7	false	GAMG	6.731660e-03	3.188320e-05	4	true
58            	smoothSolver	7.890920e-04	7.450750e-05	7	1.870360e-02	1.468340e-03	7	1.550810e-02	1.194490e-03	7	false	GAMG	6.480360e-03	2.856050e-05	4	true
59            	smoothSolver	7.468230e-04	7.228710e-05	7	1.773710e-02	1.406880e-03	7	1.466150e-02	1.122280e-03	7	false	GAMG	6.222710e-03	2.682470e-05	4	true
60            	smoothSolver	7.152480e-04	7.038050e-05	7	1.676510e-02	1.334450e-03	7	1.382150e-02	1.056960e-03	7	false	GAMG	5.970770e-03	2.637450e-05	4	true
61            	smoothSolver	6.892380e-04	6.738190e-05	7	1.587050e-02	1.244520e-03	7	1.308460e-02	9.947460e-04	7	false	GAMG	5.748320e-03	2.630050e-05	4	true
62            	smoothSolver	6.660670e-04	6.406970e-05	7	1.505790e-02	1.152410e-03	7	1.249900e-02	9.365500e-04	7	false	GAMG	5.540310e-03	2.580810e-05	4	true
63            	smoothSolver	6.402180e-04	6.039740e-05	7	1.414260e-02	1.073340e-03	7	1.194960e-02	8.943480e-04	7	false	GAMG	5.327520e-03	2.456150e-05	4	true
64            	smoothSolver	6.073310e-04	5.677260e-05	7	1.321450e-02	1.007490e-03	7	1.133290e-02	8.562430e-04	7	false	GAMG	5.096150e-03	2.299710e-05	4	true
65            	smoothSolver	5.733010e-04	5.385710e-05	7	1.239590e-02	9.478260e-04	7	1.075360e-02	8.165380e-04	7	false	GAMG	4.858270e-03	2.182870e-05	4	true
66            	smoothSolver	5.421790e-04	5.133730e-05	7	1.169110e-02	8.892310e-04	7	1.024650e-02	7.759960e-04	7	false	GAMG	4.646430e-03	2.116400e-05	4	true
67            	smoothSolver	5.178760e-04	4.892810e-05	7	1.117160e-02	8.360370e-04	7	9.848580e-03	7.347540e-04	7	false	GAMG	4.458390e-03	2.058540e-05	4	true
68            	smoothSolver	4.976660e-04	4.684370e-05	7	1.069640e-02	7.937770e-04	7	9.514320e-03	9.513450e-04	6	false	GAMG	4.304380e-03	1.933290e-05	4	true
69            	smoothSolver	4.804210e-04	4.504020e-05	7	1.030820e-02	7.640720e-04	7	9.225010e-03	9.182320e-04	6	false	GAMG	4.183340e-03	1.880460e-05	4	true
70            	smoothSolver	4.663250e-04	4.357490e-05	7	9.988190e-03	7.426040e-04	7	9.047070e-03	8.968620e-04	6	false	GAMG	4.077950e-03	1.838660e-05	4	true
71            	smoothSolver	4.560160e-04	4.239580e-05	7	9.802960e-03	7.286830e-04	7	8.968920e-03	8.858770e-04	6	false	GAMG	3.988710e-03	1.802780e-05	4	true
72            	smoothSolver	4.470150e-04	4.134790e-05	7	9.726810e-03	7.235970e-04	7	8.949370e-03	8.830520e-04	6	false	GAMG	3.913850e-03	1.786040e-05	4	true
73            	smoothSolver	4.387390e-04	4.024010e-05	7	9.701820e-03	7.254200e-04	7	8.948010e-03	8.847030e-04	6	false	GAMG	3.858230e-03	1.786430e-05	4	true
74            	smoothSolver	4.306640e-04	3.891450e-05	7	9.702880e-03	7.258510e-04	7	8.916470e-03	8.831790e-04	6	false	GAMG	3.797000e-03	1.787050e-05	4	true
75            	smoothSolver	4.211430e-04	3.744590e-05	7	9.641150e-03	7.210020e-04	7	8.814310e-03	8.782620e-04	6	false	GAMG	3.731110e-03	1.776150e-05	4	true
76            	smoothSolver	4.089340e-04	3.581900e-05	7	9.510560e-03	7.054980e-04	7	8.619010e-03	6.371700e-04	7	false	GAMG	3.651440e-03	1.790400e-05	4	true
77            	smoothSolver	3.954730e-04	3.441540e-05	7	9.293330e-03	9.260410e-04	6	8.351060e-03	6.158200e-04	7	false	GAMG	3.573040e-03	1.719330e-05	4	true
78            	smoothSolver	3.828410e-04	3.347750e-05	7	9.024230e-03	9.001190e-04	6	8.048090e-03	8.014850e-04	6	false	GAMG	3.486970e-03	1.599520e-05	4	true
79            	smoothSolver	3.705110e-04	3.294460e-05	7	8.742820e-03	6.446200e-04	7	7.729240e-03	5.785070e-04	7	false	GAMG	3.413540e-03	1.597920e-05	4	true
80            	smoothSolver	3.588290e-04	3.251450e-05	7	8.395320e-03	6.256050e-04	7	7.404860e-03	5.611020e-04	7	false	GAMG	3.321420e-03	1.544900e-05	4	true
81            	smoothSolver	3.483110e-04	3.203120e-05	7	8.060080e-03	6.083940e-04	7	7.074460e-03	5.407000e-04	7	false	GAMG	3.233840e-03	1.507800e-05	4	true
82            	smoothSolver	3.394650e-04	3.143660e-05	7	7.760270e-03	5.934560e-04	7	6.796090e-03	5.222880e-04	7	false	GAMG	3.130210e-03	1.455000e-05	4	true
83            	smoothSolver	3.310080e-04	3.083460e-05	7	7.483510e-03	5.785590e-04	7	6.536880e-03	5.049710e-04	7	false	GAMG	3.040090e-03	1.422170e-05	4	true
84            	smoothSolver	3.226200e-04	3.013930e-05	7	7.266390e-03	5.664740e-04	7	6.317690e-03	4.921620e-04	7	false	GAMG	2.953840e-03	1.361440e-05	4	true
85            	smoothSolver	3.139760e-04	2.927070e-05	7	7.117000e-03	5.555070e-04	7	6.168780e-03	4.868090e-04	7	false	GAMG	2.883000e-03	1.300650e-05	4	true
86            	smoothSolver	3.057010e-04	2.831310e-05	7	6.972230e-03	5.462430e-04	7	6.064020e-03	4.839080e-04	7	false	GAMG	2.821360e-03	1.231630e-05	4	true
87            	smoothSolver	2.974630e-04	2.732410e-05	7	6.815550e-03	5.347610e-04	7	5.974610e-03	4.786460e-04	7	false	GAMG	2.779840e-03	1.164010e-05	4	true
88            	smoothSolver	2.889670e-04	2.653760e-05	7	6.630430e-03	5.197540e-04	7	5.857780e-03	4.674630e-04	7	false	GAMG	2.741530e-03	1.126610e-05	4	true
89            	smoothSolver	2.801710e-04	2.608270e-05	7	6.435850e-03	5.052400e-04	7	5.694240e-03	4.522460e-04	7	false	GAMG	2.711310e-03	1.124270e-05	4	true
90            	smoothSolver	2.717230e-04	2.582110e-05	7	6.255450e-03	4.915190e-04	7	5.537680e-03	4.381570e-04	7	false	GAMG	2.677650e-03	1.140620e-05	4	true
91            	smoothSolver	2.655860e-04	2.556450e-05	7	6.111380e-03	4.772060e-04	7	5.402500e-03	4.228950e-04	7	false	GAMG	2.641670e-03	1.156070e-05	4	true
92            	smoothSolver	2.616880e-04	2.513800e-05	7	5.957980e-03	4.595990e-04	7	5.276270e-03	4.079300e-04	7	false	GAMG	2.597250e-03	1.144760e-05	4	true
93            	smoothSolver	2.589010e-04	2.445420e-05	7	5.808730e-03	4.423840e-04	7	5.147830e-03	3.920610e-04	7	false	GAMG	2.561620e-03	1.112390e-05	4	true
94            	smoothSolver	2.554320e-04	2.362900e-05	7	5.661790e-03	4.247980e-04	7	5.004010e-03	3.771540e-04	7	false	GAMG	2.539080e-03	1.067580e-05	4	true
95            	smoothSolver	2.525890e-04	2.298140e-05	7	5.566740e-03	4.107360e-04	7	4.898610e-03	3.659820e-04	7	false	GAMG	2.531630e-03	1.044970e-05	4	true
96            	smoothSolver	2.486110e-04	2.248050e-05	7	5.513260e-03	5.491430e-04	6	4.841250e-03	3.571840e-04	7	false	GAMG	2.530810e-03	1.045160e-05	4	true
97            	smoothSolver	2.440650e-04	2.194940e-05	7	5.494100e-03	5.406090e-04	6	4.802920e-03	4.765060e-04	6	false	GAMG	2.530700e-03	1.029050e-05	4	true
98            	smoothSolver	2.400760e-04	2.135670e-05	7	5.461850e-03	5.321780e-04	6	4.790870e-03	4.730800e-04	6	false	GAMG	2.525950e-03	1.045700e-05	4	true
99            	smoothSolver	2.353260e-04	2.069240e-05	7	5.422590e-03	5.228020e-04	6	4.755620e-03	4.691050e-04	6	false	GAMG	2.506400e-03	1.053830e-05	4	true
100           	smoothSolver	2.304140e-04	2.002590e-05	7	5.368040e-03	5.132920e-04	6	4.702390e-03	4.615310e-04	6	false	GAMG	2.473500e-03	1.043510e-05	4	true
101           	smoothSolver	2.256780e-04	1.941580e-05	7	5.276970e-03	4.978620e-04	6	4.617250e-03	4.503870e-04	6	false	GAMG	2.442430e-03	1.015430e-05	4	true
102           	smoothSolver	2.210960e-04	1.886260e-05	7	5.165070e-03	4.812570e-04	6	4.532310e-03	4.362850e-04	6	false	GAMG	2.414040e-03	9.751300e-06	4	true
103           	smoothSolver	2.170140e-04	1.841850e-05	7	5.049890e-03	4.693500e-04	6	4.457700e-03	4.260260e-04	6	false	GAMG	2.383030e-03	9.347340e-06	4	true
104           	smoothSolver	2.130690e-04	1.810870e-05	7	4.940710e-03	4.593310e-04	6	4.384000e-03	4.170830e-04	6	false	GAMG	2.349040e-03	8.999280e-06	4	true
105           	smoothSolver	2.080860e-04	1.771860e-05	7	4.840790e-03	4.536450e-04	6	4.308810e-03	4.098690e-04	6	false	GAMG	2.312530e-03	8.692470e-06	4	true
106           	smoothSolver	2.027460e-04	1.723020e-05	7	4.748920e-03	4.467790e-04	6	4.238670e-03	4.052420e-04	6	false	GAMG	2.274750e-03	8.463140e-06	4	true
107           	smoothSolver	1.987480e-04	1.687360e-05	7	4.674820e-03	4.405090e-04	6	4.177770e-03	4.007280e-04	6	false	GAMG	2.235980e-03	8.319960e-06	4	true
108           	smoothSolver	1.960370e-04	1.661950e-05	7	4.630940e-03	4.342400e-04	6	4.140040e-03	3.973020e-04	6	false	GAMG	2.197800e-03	8.283350e-06	4	true
109           	smoothSolver	1.936620e-04	1.635910e-05	7	4.593670e-03	4.300250e-04	6	4.095320e-03	3.949010e-04	6	false	GAMG	2.166320e-03	8.326910e-06	4	true
110           	smoothSolver	1.915710e-04	1.620160e-05	7	4.549560e-03	4.266950e-04	6	4.059590e-03	3.933220e-04	6	false	GAMG	2.138370e-03	8.484410e-06	4	true
111           	smoothSolver	1.896660e-04	1.611840e-05	7	4.535900e-03	4.301870e-04	6	4.036960e-03	3.920030e-04	6	false	GAMG	2.110820e-03	8.507830e-06	4	true
112           	smoothSolver	1.873250e-04	1.604120e-05	7	4.515640e-03	4.336800e-04	6	4.000110e-03	3.908750e-04	6	false	GAMG	2.083380e-03	8.413120e-06	4	true
113           	smoothSolver	1.856040e-04	1.608380e-05	7	4.508380e-03	4.373720e-04	6	3.953580e-03	3.893860e-04	6	false	GAMG	2.056080e-03	8.050280e-06	4	true
114           	smoothSolver	1.842630e-04	1.621640e-05	7	4.483170e-03	4.389570e-04	6	3.902340e-03	3.881050e-04	6	false	GAMG	2.034040e-03	7.718610e-06	4	true
115           	smoothSolver	1.839290e-04	1.645570e-05	7	4.429570e-03	4.396330e-04	6	3.841930e-03	2.847580e-04	7	false	GAMG	2.004400e-03	7.664980e-06	4	true
116           	smoothSolver	1.829500e-04	1.663310e-05	7	4.389880e-03	4.383450e-04	6	3.764250e-03	2.793050e-04	7	false	GAMG	1.972470e-03	7.572820e-06	4	true
117           	smoothSolver	1.818360e-04	1.680880e-05	7	4.342030e-03	3.211210e-04	7	3.679750e-03	2.721360e-04	7	false	GAMG	1.939950e-03	7.653020e-06	4	true
118           	smoothSolver	1.809630e-04	1.689880e-05	7	4.298450e-03	4.285720e-04	6	3.606080e-03	2.670600e-04	7	false	GAMG	1.905250e-03	7.599860e-06	4	true
119           	smoothSolver	1.793000e-04	1.685390e-05	7	4.238700e-03	4.237850e-04	6	3.536180e-03	2.606760e-04	7	false	GAMG	1.875210e-03	7.513070e-06	4	true
120           	smoothSolver	1.766340e-04	1.662660e-05	7	4.168350e-03	3.065790e-04	7	3.465230e-03	3.454950e-04	6	false	GAMG	1.847650e-03	7.244960e-06	4	true
121           	smoothSolver	1.737020e-04	1.631330e-05	7	4.064550e-03	4.046580e-04	6	3.407820e-03	3.390090e-04	6	false	GAMG	1.824120e-03	6.976910e-06	4	true
122           	smoothSolver	1.697430e-04	1.580070e-05	7	3.980770e-03	3.926640e-04	6	3.354710e-03	3.327270e-04	6	false	GAMG	1.807400e-03	6.815340e-06	4	true
123           	smoothSolver	1.661460e-04	1.526240e-05	7	3.891950e-03	3.811350e-04	6	3.298040e-03	3.233950e-04	6	false	GAMG	1.789370e-03	6.640990e-06	4	true
124           	smoothSolver	1.611670e-04	1.457900e-05	7	3.792170e-03	3.676120e-04	6	3.221210e-03	3.099260e-04	6	false	GAMG	1.763560e-03	1.748130e-05	3	true
125           	smoothSolver	1.556240e-04	1.382540e-05	7	3.675940e-03	3.504780e-04	6	3.127220e-03	2.951960e-04	6	false	GAMG	1.745200e-03	6.555050e-06	4	true
126           	smoothSolver	1.519490e-04	1.317200e-05	7	3.650100e-03	3.435670e-04	6	3.092460e-03	2.892490e-04	6	false	GAMG	1.713490e-03	1.625590e-05	3	true
127           	smoothSolver	1.467760e-04	1.236880e-05	7	3.544650e-03	3.255730e-04	6	3.004480e-03	2.757940e-04	6	false	GAMG	1.691780e-03	1.649940e-05	3	true
128           	smoothSolver	1.434360e-04	1.168660e-05	7	3.490810e-03	3.146040e-04	6	2.958970e-03	2.684640e-04	6	false	GAMG	1.662580e-03	1.651570e-05	3	true
129           	smoothSolver	1.401740e-04	1.107070e-05	7	3.431560e-03	3.052030e-04	6	2.917140e-03	2.608420e-04	6	false	GAMG	1.639320e-03	6.358070e-06	4	true
130           	smoothSolver	1.376350e-04	1.062910e-05	7	3.413240e-03	3.030550e-04	6	2.913450e-03	2.582280e-04	6	false	GAMG	1.617490e-03	1.590950e-05	3	true
131           	smoothSolver	1.331620e-04	1.025150e-05	7	3.303980e-03	2.907740e-04	6	2.826930e-03	2.468370e-04	6	false	GAMG	1.597540e-03	6.269070e-06	4	true
132           	smoothSolver	1.308250e-04	1.010540e-05	7	3.259610e-03	2.866490e-04	6	2.804240e-03	2.453000e-04	6	false	GAMG	1.576720e-03	1.539370e-05	3	true
133           	smoothSolver	1.271900e-04	9.927900e-06	7	3.137630e-03	2.746660e-04	6	2.707090e-03	2.355150e-04	6	false	GAMG	1.553490e-03	1.546170e-05	3	true
134           	smoothSolver	1.242790e-04	9.765500e-06	7	3.055690e-03	2.686380e-04	6	2.635490e-03	2.299270e-04	6	false	GAMG	1.531360e-03	1.476600e-05	3	true
135           	smoothSolver	1.222500e-04	9.621730e-06	7	2.981480e-03	2.631070e-04	6	2.562520e-03	2.253840e-04	6	false	GAMG	1.502230e-03	1.401390e-05	3	true
136           	smoothSolver	1.209840e-04	9.545880e-06	7	2.913030e-03	2.579660e-04	6	2.500400e-03	2.204010e-04	6	false	GAMG	1.472480e-03	1.352300e-05	3	true
137           	smoothSolver	1.191260e-04	9.494180e-06	7	2.844440e-03	2.523290e-04	6	2.428250e-03	2.148550e-04	6	false	GAMG	1.441830e-03	1.312760e-05	3	true
138           	smoothSolver	1.169030e-04	9.495570e-06	7	2.779340e-03	2.496400e-04	6	2.369020e-03	2.094620e-04	6	false	GAMG	1.412950e-03	1.296830e-05	3	true
139           	smoothSolver	1.143070e-04	9.499230e-06	7	2.714640e-03	2.455790e-04	6	2.303650e-03	2.030240e-04	6	false	GAMG	1.380090e-03	1.284060e-05	3	true
140           	smoothSolver	1.122550e-04	9.560490e-06	7	2.661810e-03	2.429960e-04	6	2.253320e-03	1.982160e-04	6	false	GAMG	1.352420e-03	1.294100e-05	3	true
141           	smoothSolver	1.105780e-04	9.558440e-06	7	2.600700e-03	2.382010e-04	6	2.214410e-03	1.950170e-04	6	false	GAMG	1.322490e-03	1.288670e-05	3	true
142           	smoothSolver	1.089640e-04	9.473600e-06	7	2.553670e-03	2.322630e-04	6	2.177830e-03	1.915160e-04	6	false	GAMG	1.297100e-03	1.282810e-05	3	true
143           	smoothSolver	1.069590e-04	9.321410e-06	7	2.488000e-03	2.251450e-04	6	2.133240e-03	1.878580e-04	6	false	GAMG	1.276810e-03	1.276420e-05	3	true
144           	smoothSolver	1.052130e-04	9.064460e-06	7	2.444480e-03	2.185620e-04	6	2.105330e-03	1.839850e-04	6	false	GAMG	1.262220e-03	1.254980e-05	3	true
145           	smoothSolver	1.033400e-04	8.722760e-06	7	2.400160e-03	2.113670e-04	6	2.072660e-03	1.790970e-04	6	false	GAMG	1.247350e-03	1.221780e-05	3	true
146           	smoothSolver	1.016720e-04	8.376820e-06	7	2.369180e-03	2.049360e-04	6	2.048830e-03	1.756960e-04	6	false	GAMG	1.240300e-03	1.192660e-05	3	true
147           	smoothSolver	1.001490e-04	8.072880e-06	7	2.340790e-03	1.996350e-04	6	2.032820e-03	1.731310e-04	6	false	GAMG	1.231540e-03	1.174350e-05	3	true
148           	smoothSolver	9.900500e-05	7.807160e-06	7	2.331000e-03	1.957030e-04	6	2.019650e-03	1.700720e-04	6	false	GAMG	1.222610e-03	1.167760e-05	3	true
149           	smoothSolver	9.757150e-05	7.569300e-06	7	2.305620e-03	1.911140e-04	6	2.000910e-03	1.673230e-04	6	false	GAMG	1.217920e-03	1.162840e-05	3	true
150           	smoothSolver	9.633380e-05	7.404650e-06	7	2.286700e-03	1.872830e-04	6	1.986620e-03	1.639500e-04	6	false	GAMG	1.209440e-03	1.151200e-05	3	true
151           	smoothSolver	9.446600e-05	7.228960e-06	7	2.253130e-03	1.843800e-04	6	1.956600e-03	1.599780e-04	6	false	GAMG	1.197490e-03	1.134210e-05	3	true
152           	smoothSolver	9.288660e-05	7.071430e-06	7	2.224170e-03	1.821560e-04	6	1.930880e-03	1.560640e-04	6	false	GAMG	1.186800e-03	1.100710e-05	3	true
153           	smoothSolver	9.115390e-05	6.896830e-06	7	2.194410e-03	1.807890e-04	6	1.897200e-03	1.525920e-04	6	false	GAMG	1.175230e-03	1.080160e-05	3	true
154           	smoothSolver	8.964800e-05	6.691060e-06	7	2.168410e-03	1.796490e-04	6	1.872660e-03	1.502840e-04	6	false	GAMG	1.165320e-03	1.077020e-05	3	true
155           	smoothSolver	8.799050e-05	6.517280e-06	7	2.138980e-03	1.777800e-04	6	1.846420e-03	1.482680e-04	6	false	GAMG	1.154150e-03	1.085580e-05	3	true
156           	smoothSolver	8.676850e-05	6.395860e-06	7	2.121600e-03	1.771240e-04	6	1.827360e-03	1.470600e-04	6	false	GAMG	1.142220e-03	1.079730e-05	3	true
157           	smoothSolver	8.579100e-05	6.335770e-06	7	2.104910e-03	1.772460e-04	6	1.805270e-03	1.459020e-04	6	false	GAMG	1.132070e-03	1.072200e-05	3	true
158           	smoothSolver	8.519350e-05	6.292270e-06	7	2.092020e-03	1.774450e-04	6	1.788350e-03	1.449940e-04	6	false	GAMG	1.125740e-03	1.064460e-05	3	true
159           	smoothSolver	8.537200e-05	6.330440e-06	7	2.091730e-03	1.786210e-04	6	1.782690e-03	1.462860e-04	6	false	GAMG	1.113340e-03	1.045140e-05	3	true
160           	smoothSolver	8.546960e-05	6.404720e-06	7	2.089370e-03	1.795450e-04	6	1.777130e-03	1.466610e-04	6	false	GAMG	1.103410e-03	1.037590e-05	3	true
161           	smoothSolver	8.549800e-05	6.466190e-06	7	2.089150e-03	1.815190e-04	6	1.769460e-03	1.486620e-04	6	false	GAMG	1.089170e-03	1.033590e-05	3	true
162           	smoothSolver	8.510440e-05	6.467580e-06	7	2.085390e-03	1.824670e-04	6	1.760530e-03	1.492850e-04	6	false	GAMG	1.076000e-03	1.033400e-05	3	true
163           	smoothSolver	8.436650e-05	6.427360e-06	7	2.070810e-03	1.827340e-04	6	1.751210e-03	1.511080e-04	6	false	GAMG	1.067530e-03	1.047380e-05	3	true
164           	smoothSolver	8.434410e-05	6.436380e-06	7	2.065460e-03	1.839670e-04	6	1.756100e-03	1.531260e-04	6	false	GAMG	1.051210e-03	1.043210e-05	3	true
165           	smoothSolver	8.355170e-05	6.408040e-06	7	2.049770e-03	1.845400e-04	6	1.739890e-03	1.539080e-04	6	false	GAMG	1.038050e-03	4.057970e-06	4	true
166           	smoothSolver	8.334290e-05	6.449150e-06	7	2.051400e-03	1.877390e-04	6	1.747460e-03	1.573900e-04	6	false	GAMG	1.026150e-03	9.909370e-06	3	true
167           	smoothSolver	8.220100e-05	6.458670e-06	7	2.009370e-03	1.862520e-04	6	1.716360e-03	1.560210e-04	6	false	GAMG	1.017340e-03	4.103900e-06	4	true
168           	smoothSolver	8.263660e-05	6.611430e-06	7	2.025930e-03	1.904160e-04	6	1.731740e-03	1.597110e-04	6	false	GAMG	1.005660e-03	9.837660e-06	3	true
169           	smoothSolver	8.175100e-05	6.683180e-06	7	1.989990e-03	1.892690e-04	6	1.703110e-03	1.588750e-04	6	false	GAMG	1.000060e-03	4.173160e-06	4	true
170           	smoothSolver	8.254370e-05	6.849610e-06	7	2.006330e-03	1.939740e-04	6	1.719660e-03	1.634590e-04	6	false	GAMG	9.882700e-04	9.824990e-06	3	true
171           	smoothSolver	8.201300e-05	6.953370e-06	7	1.972240e-03	1.934540e-04	6	1.692320e-03	1.624930e-04	6	false	GAMG	9.821980e-04	4.162560e-06	4	true
172           	smoothSolver	8.269090e-05	7.151180e-06	7	1.987200e-03	1.986510e-04	6	1.705950e-03	1.667930e-04	6	false	GAMG	9.740670e-04	3.857000e-06	4	true
173           	smoothSolver	8.321690e-05	7.313420e-06	7	1.983830e-03	1.490600e-04	7	1.699540e-03	1.680800e-04	6	false	GAMG	9.715780e-04	3.927220e-06	4	true
174           	smoothSolver	8.422620e-05	7.441680e-06	7	1.981800e-03	1.496050e-04	7	1.704390e-03	1.703250e-04	6	false	GAMG	9.671420e-04	3.954340e-06	4	true
175           	smoothSolver	8.460750e-05	7.548890e-06	7	1.972840e-03	1.499050e-04	7	1.707470e-03	1.275900e-04	7	false	GAMG	9.685800e-04	4.136500e-06	4	true
176           	smoothSolver	8.559460e-05	7.646140e-06	7	1.978190e-03	1.514280e-04	7	1.709780e-03	1.277700e-04	7	false	GAMG	9.645260e-04	4.137930e-06	4	true
177           	smoothSolver	8.568440e-05	7.692280e-06	7	1.978060e-03	1.528000e-04	7	1.700520e-03	1.274310e-04	7	false	GAMG	9.653690e-04	4.208440e-06	4	true
178           	smoothSolver	8.627630e-05	7.748630e-06	7	1.985140e-03	1.546860e-04	7	1.702110e-03	1.283830e-04	7	false	GAMG	9.686330e-04	4.263920e-06	4	true
179           	smoothSolver	8.695350e-05	7.847050e-06	7	1.987390e-03	1.567650e-04	7	1.711020e-03	1.296370e-04	7	false	GAMG	9.733490e-04	4.368850e-06	4	true
180           	smoothSolver	8.826610e-05	7.967530e-06	7	2.006420e-03	1.598490e-04	7	1.733160e-03	1.315250e-04	7	false	GAMG	9.746370e-04	4.392480e-06	4	true
181           	smoothSolver	8.862160e-05	8.074500e-06	7	2.013130e-03	1.622490e-04	7	1.736440e-03	1.324810e-04	7	false	GAMG	9.768880e-04	4.467340e-06	4	true
182           	smoothSolver	8.929350e-05	8.233600e-06	7	2.024940e-03	1.654870e-04	7	1.745170e-03	1.344470e-04	7	false	GAMG	9.771480e-04	4.472360e-06	4	true
183           	smoothSolver	8.931570e-05	8.380520e-06	7	2.031880e-03	1.686440e-04	7	1.746840e-03	1.360860e-04	7	false	GAMG	9.792570e-04	4.566420e-06	4	true
184           	smoothSolver	9.034970e-05	8.571050e-06	7	2.052210e-03	1.722060e-04	7	1.765120e-03	1.385380e-04	7	false	GAMG	9.790480e-04	4.586900e-06	4	true
185           	smoothSolver	9.125820e-05	8.749530e-06	7	2.065840e-03	1.747740e-04	7	1.776270e-03	1.406850e-04	7	false	GAMG	9.761720e-04	4.615690e-06	4	true
186           	smoothSolver	9.200730e-05	8.865060e-06	7	2.076910e-03	1.770680e-04	7	1.776590e-03	1.423270e-04	7	false	GAMG	9.753230e-04	4.651190e-06	4	true
187           	smoothSolver	9.263150e-05	8.954010e-06	7	2.081050e-03	1.787590e-04	7	1.780050e-03	1.440290e-04	7	false	GAMG	9.766990e-04	4.709700e-06	4	true
188           	smoothSolver	9.357030e-05	9.046660e-06	7	2.092310e-03	1.799290e-04	7	1.790410e-03	1.453920e-04	7	false	GAMG	9.754970e-04	4.744400e-06	4	true
189           	smoothSolver	9.409250e-05	9.136000e-06	7	2.084560e-03	1.797600e-04	7	1.783150e-03	1.454090e-04	7	false	GAMG	9.756980e-04	4.780700e-06	4	true
190           	smoothSolver	9.436400e-05	9.145830e-06	7	2.085570e-03	1.792710e-04	7	1.783410e-03	1.452270e-04	7	false	GAMG	9.748850e-04	4.778950e-06	4	true
191           	smoothSolver	9.408470e-05	9.151160e-06	7	2.065690e-03	1.772840e-04	7	1.778100e-03	1.444540e-04	7	false	GAMG	9.756320e-04	4.800930e-06	4	true
192           	smoothSolver	9.407960e-05	9.170240e-06	7	2.059840e-03	1.755380e-04	7	1.776930e-03	1.435320e-04	7	false	GAMG	9.734270e-04	4.753560e-06	4	true
193           	smoothSolver	9.382270e-05	9.195040e-06	7	2.038500e-03	1.728380e-04	7	1.768840e-03	1.425470e-04	7	false	GAMG	9.705860e-04	4.704810e-06	4	true
194           	smoothSolver	9.370110e-05	9.133050e-06	7	2.024390e-03	1.702800e-04	7	1.762070e-03	1.410200e-04	7	false	GAMG	9.616040e-04	4.589280e-06	4	true
195           	smoothSolver	9.276300e-05	9.067740e-06	7	1.994970e-03	1.667360e-04	7	1.742010e-03	1.387930e-04	7	false	GAMG	9.558100e-04	4.548990e-06	4	true
196           	smoothSolver	9.309050e-05	9.033450e-06	7	1.986570e-03	1.643650e-04	7	1.738200e-03	1.371360e-04	7	false	GAMG	9.471800e-04	4.407370e-06	4	true
197           	smoothSolver	9.210030e-05	8.916290e-06	7	1.953060e-03	1.599460e-04	7	1.714950e-03	1.339930e-04	7	false	GAMG	9.370660e-04	4.288680e-06	4	true
198           	smoothSolver	9.154200e-05	8.764970e-06	7	1.932890e-03	1.560150e-04	7	1.696280e-03	1.305800e-04	7	false	GAMG	9.268010e-04	4.174530e-06	4	true
199           	smoothSolver	9.030760e-05	8.617000e-06	7	1.899140e-03	1.511200e-04	7	1.672190e-03	1.270680e-04	7	false	GAMG	9.171460e-04	4.074530e-06	4	true
200           	smoothSolver	8.949570e-05	8.461910e-06	7	1.876630e-03	1.469440e-04	7	1.656570e-03	1.237100e-04	7	false	GAMG	9.041760e-04	3.953520e-06	4	true
201           	smoothSolver	8.806160e-05	8.295170e-06	7	1.840770e-03	1.421240e-04	7	1.628210e-03	1.608270e-04	6	false	GAMG	8.935730e-04	3.814430e-06	4	true
202           	smoothSolver	8.793190e-05	8.135620e-06	7	1.826360e-03	1.380310e-04	7	1.625900e-03	1.585400e-04	6	false	GAMG	8.819810e-04	3.756060e-06	4	true
203           	smoothSolver	8.633160e-05	7.953650e-06	7	1.793680e-03	1.334120e-04	7	1.602040e-03	1.536320e-04	6	false	GAMG	8.689810e-04	3.694560e-06	4	true
204           	smoothSolver	8.469980e-05	7.738250e-06	7	1.768590e-03	1.743880e-04	6	1.579650e-03	1.494350e-04	6	false	GAMG	8.537930e-04	3.587570e-06	4	true
205           	smoothSolver	8.266970e-05	7.520090e-06	7	1.736510e-03	1.694290e-04	6	1.540150e-03	1.433210e-04	6	false	GAMG	8.397990e-04	3.527700e-06	4	true
206           	smoothSolver	8.123910e-05	7.291710e-06	7	1.711900e-03	1.647010e-04	6	1.513630e-03	1.381990e-04	6	false	GAMG	8.250640e-04	3.424590e-06	4	true
207           	smoothSolver	7.916790e-05	7.053440e-06	7	1.674750e-03	1.596730e-04	6	1.478990e-03	1.336370e-04	6	false	GAMG	8.130660e-04	3.377490e-06	4	true
208           	smoothSolver	7.767310e-05	6.811240e-06	7	1.653540e-03	1.546380e-04	6	1.455540e-03	1.294000e-04	6	false	GAMG	7.994320e-04	3.269650e-06	4	true
209           	smoothSolver	7.581320e-05	6.589580e-06	7	1.614640e-03	1.497030e-04	6	1.425200e-03	1.240530e-04	6	false	GAMG	7.883100e-04	3.229040e-06	4	true
210           	smoothSolver	7.417170e-05	6.343780e-06	7	1.585500e-03	1.445250e-04	6	1.398420e-03	1.199760e-04	6	false	GAMG	7.728620e-04	3.108290e-06	4	true
211           	smoothSolver	7.181690e-05	6.107870e-06	7	1.544080e-03	1.390430e-04	6	1.364510e-03	1.154710e-04	6	false	GAMG	7.610370e-04	3.037920e-06	4	true
212           	smoothSolver	7.055750e-05	5.910520e-06	7	1.520760e-03	1.349230e-04	6	1.353330e-03	1.131300e-04	6	false	GAMG	7.444530e-04	2.905610e-06	4	true
213           	smoothSolver	6.833460e-05	5.725370e-06	7	1.481500e-03	1.301230e-04	6	1.313710e-03	1.081050e-04	6	false	GAMG	7.321740e-04	2.784990e-06	4	true
214           	smoothSolver	6.665420e-05	5.501670e-06	7	1.454490e-03	1.259300e-04	6	1.290600e-03	1.047190e-04	6	false	GAMG	7.195480e-04	7.026450e-06	3	true
215           	smoothSolver	6.444270e-05	5.311710e-06	7	1.404560e-03	1.200830e-04	6	1.245810e-03	9.974420e-05	6	false	GAMG	7.058470e-04	2.756170e-06	4	true
216           	smoothSolver	6.307540e-05	5.107230e-06	7	1.384980e-03	1.156230e-04	6	1.228730e-03	9.677700e-05	6	false	GAMG	6.911300e-04	6.499320e-06	3	true
217           	smoothSolver	6.082760e-05	4.894390e-06	7	1.331150e-03	1.094570e-04	6	1.185610e-03	9.189030e-05	6	false	GAMG	6.782180e-04	6.468920e-06	3	true
218           	smoothSolver	5.902940e-05	4.647320e-06	7	1.302350e-03	1.049580e-04	6	1.160370e-03	8.892030e-05	6	false	GAMG	6.599620e-04	6.177350e-06	3	true
219           	smoothSolver	5.663100e-05	4.428750e-06	7	1.255860e-03	9.997200e-05	6	1.122200e-03	8.452620e-05	6	false	GAMG	6.461910e-04	5.847470e-06	3	true
220           	smoothSolver	5.497660e-05	4.219520e-06	7	1.223270e-03	9.529800e-05	6	1.099330e-03	8.216500e-05	6	false	GAMG	6.337840e-04	5.623410e-06	3	true
221           	smoothSolver	5.331510e-05	4.049140e-06	7	1.189610e-03	9.197880e-05	6	1.069890e-03	7.902140e-05	6	false	GAMG	6.178870e-04	5.296860e-06	3	true
222           	smoothSolver	5.128070e-05	3.826840e-06	7	1.154060e-03	8.798220e-05	6	1.039920e-03	7.616530e-05	6	false	GAMG	6.050980e-04	5.169420e-06	3	true
223           	smoothSolver	4.956050e-05	4.938390e-06	6	1.123770e-03	8.563190e-05	6	1.013240e-03	7.373790e-05	6	false	GAMG	5.932750e-04	5.138520e-06	3	true
224           	smoothSolver	4.870180e-05	4.787830e-06	6	1.110380e-03	8.439990e-05	6	1.002410e-03	7.218720e-05	6	false	GAMG	5.786130e-04	4.948860e-06	3	true
225           	smoothSolver	4.677640e-05	4.563030e-06	6	1.067140e-03	8.071120e-05	6	9.675290e-04	6.989770e-05	6	false	GAMG	5.670980e-04	4.796220e-06	3	true
226           	smoothSolver	4.542900e-05	4.365690e-06	6	1.043510e-03	7.828340e-05	6	9.426200e-04	6.852300e-05	6	false	GAMG	5.600550e-04	4.863160e-06	3	true
227           	smoothSolver	4.442830e-05	4.220380e-06	6	1.019390e-03	7.642750e-05	6	9.261670e-04	6.661300e-05	6	false	GAMG	5.522330e-04	4.793290e-06	3	true
228           	smoothSolver	4.334010e-05	4.061540e-06	6	1.007730e-03	7.451880e-05	6	9.108670e-04	9.073950e-05	5	false	GAMG	5.429780e-04	4.758080e-06	3	true
229           	smoothSolver	4.204170e-05	3.888590e-06	6	9.851660e-04	7.222040e-05	6	8.929530e-04	6.463970e-05	6	false	GAMG	5.379140e-04	4.816360e-06	3	true
230           	smoothSolver	4.116360e-05	3.705860e-06	6	9.713200e-04	7.085770e-05	6	8.816910e-04	6.351660e-05	6	false	GAMG	5.336410e-04	4.862800e-06	3	true
231           	smoothSolver	4.014490e-05	3.579080e-06	6	9.527130e-04	6.996830e-05	6	8.631100e-04	6.215670e-05	6	false	GAMG	5.307610e-04	4.824730e-06	3	true
232           	smoothSolver	3.958820e-05	3.442750e-06	6	9.478650e-04	6.909780e-05	6	8.553520e-04	8.549590e-05	5	false	GAMG	5.250950e-04	4.631190e-06	3	true
233           	smoothSolver	3.863950e-05	3.335440e-06	6	9.249650e-04	6.781270e-05	6	8.432530e-04	8.430300e-05	5	false	GAMG	5.215430e-04	4.579280e-06	3	true
234           	smoothSolver	3.828140e-05	3.245250e-06	6	9.161260e-04	6.698600e-05	6	8.320200e-04	8.311270e-05	5	false	GAMG	5.190760e-04	4.530330e-06	3	true
235           	smoothSolver	3.782620e-05	3.184640e-06	6	9.057980e-04	6.742350e-05	6	8.287510e-04	6.020040e-05	6	false	GAMG	5.175660e-04	4.638840e-06	3	true
236           	smoothSolver	3.771810e-05	3.153540e-06	6	9.053290e-04	6.732860e-05	6	8.278500e-04	5.996880e-05	6	false	GAMG	5.149950e-04	4.646230e-06	3	true
237           	smoothSolver	3.728460e-05	3.130100e-06	6	9.027420e-04	6.866730e-05	6	8.215720e-04	6.020760e-05	6	false	GAMG	5.138190e-04	4.601380e-06	3	true
238           	smoothSolver	3.750150e-05	3.152930e-06	6	9.021910e-04	6.924840e-05	6	8.210770e-04	6.115230e-05	6	false	GAMG	5.092920e-04	4.585000e-06	3	true
239           	smoothSolver	3.714580e-05	3.191290e-06	6	8.932780e-04	7.020270e-05	6	8.146130e-04	6.191470e-05	6	false	GAMG	5.107070e-04	4.761870e-06	3	true
240           	smoothSolver	3.783130e-05	3.294430e-06	6	9.049440e-04	7.169780e-05	6	8.327040e-04	6.393510e-05	6	false	GAMG	5.045150e-04	4.709850e-06	3	true
241           	smoothSolver	3.746840e-05	3.305930e-06	6	9.007710e-04	7.289550e-05	6	8.222410e-04	6.433270e-05	6	false	GAMG	5.029890e-04	4.724760e-06	3	true
242           	smoothSolver	3.740890e-05	3.313300e-06	6	8.987140e-04	7.361000e-05	6	8.211440e-04	6.480360e-05	6	false	GAMG	5.018050e-04	4.630960e-06	3	true
243           	smoothSolver	3.703680e-05	3.329530e-06	6	8.965990e-04	7.497850e-05	6	8.164680e-04	6.571750e-05	6	false	GAMG	5.005500e-04	4.747450e-06	3	true
244           	smoothSolver	3.760340e-05	3.427880e-06	6	9.009220e-04	7.642580e-05	6	8.193980e-04	6.684220e-05	6	false	GAMG	4.995110e-04	4.770550e-06	3	true
245           	smoothSolver	3.768150e-05	3.462100e-06	6	9.020810e-04	7.794050e-05	6	8.220820e-04	6.809910e-05	6	false	GAMG	5.006150e-04	4.895370e-06	3	true
246           	smoothSolver	3.833790e-05	3.535380e-06	6	9.154580e-04	8.009750e-05	6	8.335510e-04	7.047520e-05	6	false	GAMG	5.018120e-04	4.957070e-06	3	true
247           	smoothSolver	3.880080e-05	3.672740e-06	6	9.275920e-04	8.240810e-05	6	8.347580e-04	7.187420e-05	6	false	GAMG	5.039630e-04	2.057780e-06	4	true
248           	smoothSolver	4.015590e-05	3.863770e-06	6	9.515420e-04	8.632200e-05	6	8.554570e-04	7.486340e-05	6	false	GAMG	5.038810e-04	1.906690e-06	4	true
249           	smoothSolver	4.018970e-05	3.959050e-06	6	9.517880e-04	8.711590e-05	6	8.552860e-04	7.585560e-05	6	false	GAMG	5.060610e-04	1.947190e-06	4	true
250           	smoothSolver	4.081060e-05	4.078920e-06	6	9.645140e-04	8.886580e-05	6	8.626150e-04	7.741680e-05	6	false	GAMG	5.084330e-04	1.957220e-06	4	true
251           	smoothSolver	4.127310e-05	3.110540e-06	7	9.646160e-04	9.018800e-05	6	8.701730e-04	7.915590e-05	6	false	GAMG	5.139220e-04	2.019470e-06	4	true
252           	smoothSolver	4.220580e-05	3.201780e-06	7	9.841550e-04	9.226380e-05	6	8.928300e-04	8.186970e-05	6	false	GAMG	5.138540e-04	2.023200e-06	4	true
253           	smoothSolver	4.226120e-05	3.231440e-06	7	9.796620e-04	9.201430e-05	6	8.944730e-04	8.175820e-05	6	false	GAMG	5.143610e-04	2.023010e-06	4	true
254           	smoothSolver	4.249600e-05	3.251420e-06	7	9.843690e-04	9.216750e-05	6	8.974530e-04	8.258580e-05	6	false	GAMG	5.166180e-04	1.977990e-06	4	true
255           	smoothSolver	4.243220e-05	3.271530e-06	7	9.815240e-04	9.198090e-05	6	8.969360e-04	8.272730e-05	6	false	GAMG	5.205810e-04	2.037920e-06	4	true
256           	smoothSolver	4.271770e-05	3.286130e-06	7	9.941990e-04	9.237470e-05	6	9.040960e-04	8.292120e-05	6	false	GAMG	5.181150e-04	1.977040e-06	4	true
257           	smoothSolver	4.211770e-05	3.238660e-06	7	9.745330e-04	9.016850e-05	6	8.946110e-04	8.194580e-05	6	false	GAMG	5.184130e-04	1.986500e-06	4	true
258           	smoothSolver	4.216150e-05	3.199520e-06	7	9.813520e-04	8.990430e-05	6	8.979090e-04	8.209030e-05	6	false	GAMG	5.168550e-04	5.162930e-06	3	true
259           	smoothSolver	4.141730e-05	3.136110e-06	7	9.621950e-04	8.725150e-05	6	8.829530e-04	7.942470e-05	6	false	GAMG	5.180030e-04	2.076140e-06	4	true
260           	smoothSolver	4.196830e-05	3.104860e-06	7	9.763830e-04	8.805200e-05	6	8.925330e-04	8.003550e-05	6	false	GAMG	5.163250e-04	5.137750e-06	3	true
261           	smoothSolver	4.125140e-05	3.067030e-06	7	9.620130e-04	8.651040e-05	6	8.790220e-04	7.790400e-05	6	false	GAMG	5.160000e-04	2.045410e-06	4	true
262           	smoothSolver	4.165410e-05	4.124310e-06	6	9.720650e-04	8.592310e-05	6	8.863500e-04	7.791610e-05	6	false	GAMG	5.142500e-04	5.090980e-06	3	true
263           	smoothSolver	4.093320e-05	4.054500e-06	6	9.509310e-04	8.297050e-05	6	8.708880e-04	7.672720e-05	6	false	GAMG	5.164200e-04	2.018760e-06	4	true
264           	smoothSolver	4.148740e-05	4.047130e-06	6	9.650370e-04	8.335520e-05	6	8.822990e-04	7.689290e-05	6	false	GAMG	5.144710e-04	5.136780e-06	3	true
265           	smoothSolver	4.092500e-05	3.984060e-06	6	9.425050e-04	7.992170e-05	6	8.637340e-04	7.382800e-05	6	false	GAMG	5.151320e-04	1.954320e-06	4	true
266           	smoothSolver	4.110240e-05	3.950350e-06	6	9.541910e-04	7.988760e-05	6	8.674750e-04	7.384820e-05	6	false	GAMG	5.138670e-04	5.038300e-06	3	true
267           	smoothSolver	4.019100e-05	3.862220e-06	6	9.371830e-04	7.734650e-05	6	8.505730e-04	7.177950e-05	6	false	GAMG	5.167910e-04	1.913570e-06	4	true
268           	smoothSolver	4.079070e-05	3.880330e-06	6	9.465940e-04	7.774950e-05	6	8.583880e-04	7.157740e-05	6	false	GAMG	5.199600e-04	5.095640e-06	3	true
269           	smoothSolver	4.106550e-05	3.879840e-06	6	9.429660e-04	7.691850e-05	6	8.671900e-04	7.218470e-05	6	false	GAMG	5.182550e-04	5.156340e-06	3	true
270           	smoothSolver	4.074000e-05	3.800130e-06	6	9.400640e-04	7.568680e-05	6	8.538810e-04	6.910310e-05	6	false	GAMG	5.159020e-04	5.144000e-06	3	true
271           	smoothSolver	4.013090e-05	3.787420e-06	6	9.261960e-04	7.484250e-05	6	8.402740e-04	6.844820e-05	6	false	GAMG	5.157090e-04	1.941440e-06	4	true
272           	smoothSolver	4.063620e-05	3.882580e-06	6	9.355560e-04	7.643540e-05	6	8.479120e-04	6.916350e-05	6	false	GAMG	5.121840e-04	4.973290e-06	3	true
273           	smoothSolver	4.017910e-05	3.900020e-06	6	9.218650e-04	7.569620e-05	6	8.337580e-04	6.822200e-05	6	false	GAMG	5.106620e-04	5.063190e-06	3	true
274           	smoothSolver	4.039140e-05	3.923180e-06	6	9.244260e-04	7.634860e-05	6	8.308130e-04	6.774080e-05	6	false	GAMG	5.089700e-04	5.080550e-06	3	true
275           	smoothSolver	4.026000e-05	3.996950e-06	6	9.193530e-04	7.620430e-05	6	8.285810e-04	6.852160e-05	6	false	GAMG	5.082180e-04	5.015100e-06	3	true
276           	smoothSolver	4.044850e-05	3.021710e-06	7	9.234220e-04	7.693060e-05	6	8.273860e-04	6.879930e-05	6	false	GAMG	5.033700e-04	1.875020e-06	4	true
277           	smoothSolver	4.060870e-05	3.115770e-06	7	9.226510e-04	7.875940e-05	6	8.261090e-04	7.044110e-05	6	false	GAMG	5.018630e-04	4.755120e-06	3	true
278           	smoothSolver	4.101190e-05	3.149400e-06	7	9.187190e-04	7.889350e-05	6	8.206960e-04	7.082510e-05	6	false	GAMG	5.001150e-04	1.857050e-06	4	true
279           	smoothSolver	4.099220e-05	3.246520e-06	7	9.200730e-04	8.087500e-05	6	8.245390e-04	7.269760e-05	6	false	GAMG	4.969710e-04	4.772410e-06	3	true
280           	smoothSolver	4.110390e-05	3.277030e-06	7	9.101870e-04	8.080370e-05	6	8.195800e-04	7.311900e-05	6	false	GAMG	4.958690e-04	1.899790e-06	4	true
281           	smoothSolver	4.148190e-05	3.363750e-06	7	9.133830e-04	8.349400e-05	6	8.233720e-04	7.502790e-05	6	false	GAMG	4.886270e-04	4.817480e-06	3	true
282           	smoothSolver	4.149630e-05	3.395940e-06	7	9.008420e-04	8.298570e-05	6	8.108420e-04	7.465570e-05	6	false	GAMG	4.850100e-04	1.933170e-06	4	true
283           	smoothSolver	4.135350e-05	3.427080e-06	7	8.969700e-04	8.487470e-05	6	8.113020e-04	7.635080e-05	6	false	GAMG	4.804830e-04	4.695470e-06	3	true
284           	smoothSolver	4.134140e-05	3.439600e-06	7	8.881950e-04	8.479810e-05	6	8.062780e-04	7.624230e-05	6	false	GAMG	4.771840e-04	1.917500e-06	4	true
285           	smoothSolver	4.148420e-05	3.493410e-06	7	8.924220e-04	8.669490e-05	6	8.097230e-04	7.717080e-05	6	false	GAMG	4.754440e-04	1.803480e-06	4	true
286           	smoothSolver	4.216050e-05	3.550090e-06	7	8.965090e-04	8.757320e-05	6	8.107060e-04	7.747630e-05	6	false	GAMG	4.735990e-04	1.797830e-06	4	true
287           	smoothSolver	4.175490e-05	3.538160e-06	7	8.929400e-04	8.767130e-05	6	8.064370e-04	7.756910e-05	6	false	GAMG	4.721890e-04	4.676590e-06	3	true
288           	smoothSolver	4.176680e-05	3.540460e-06	7	8.892920e-04	8.677300e-05	6	8.072960e-04	7.714350e-05	6	false	GAMG	4.752420e-04	1.941470e-06	4	true
289           	smoothSolver	4.242110e-05	3.586190e-06	7	9.006160e-04	8.827530e-05	6	8.238140e-04	7.935180e-05	6	false	GAMG	4.721800e-04	4.690530e-06	3	true
290           	smoothSolver	4.204990e-05	3.532350e-06	7	8.958070e-04	8.644840e-05	6	8.071410e-04	7.661550e-05	6	false	GAMG	4.711590e-04	1.856620e-06	4	true
291           	smoothSolver	4.152550e-05	3.521280e-06	7	8.891430e-04	8.638870e-05	6	8.022060e-04	7.679350e-05	6	false	GAMG	4.717090e-04	4.586730e-06	3	true
292           	smoothSolver	4.170830e-05	3.513610e-06	7	8.874980e-04	8.516060e-05	6	8.019550e-04	7.551700e-05	6	false	GAMG	4.728950e-04	1.829490e-06	4	true
293           	smoothSolver	4.150970e-05	3.525890e-06	7	8.857270e-04	8.548350e-05	6	7.981610e-04	7.492590e-05	6	false	GAMG	4.707120e-04	4.520190e-06	3	true
294           	smoothSolver	4.114040e-05	3.486220e-06	7	8.742350e-04	8.343150e-05	6	7.915560e-04	7.366370e-05	6	false	GAMG	4.688390e-04	1.796430e-06	4	true
295           	smoothSolver	4.084970e-05	3.484140e-06	7	8.712030e-04	8.358390e-05	6	7.841610e-04	7.330990e-05	6	false	GAMG	4.706550e-04	4.535480e-06	3	true
296           	smoothSolver	4.101670e-05	3.468780e-06	7	8.726210e-04	8.250650e-05	6	7.884200e-04	7.201570e-05	6	false	GAMG	4.713470e-04	4.679480e-06	3	true
297           	smoothSolver	4.064760e-05	3.417220e-06	7	8.719770e-04	8.150230e-05	6	7.797960e-04	7.041040e-05	6	false	GAMG	4.712100e-04	4.692550e-06	3	true
298           	smoothSolver	4.043760e-05	3.327100e-06	7	8.676020e-04	7.954530e-05	6	7.778580e-04	6.892540e-05	6	false	GAMG	4.720600e-04	4.627110e-06	3	true
299           	smoothSolver	3.963960e-05	3.247090e-06	7	8.592570e-04	7.823770e-05	6	7.696270e-04	6.742480e-05	6	false	GAMG	4.705920e-04	4.541560e-06	3	true
300           	smoothSolver	3.973080e-05	3.215290e-06	7	8.602430e-04	7.686430e-05	6	7.691000e-04	6.603910e-05	6	false	GAMG	4.689800e-04	4.446460e-06	3	true
301           	smoothSolver	3.893840e-05	3.101790e-06	7	8.465310e-04	7.450250e-05	6	7.567550e-04	6.440140e-05	6	false	GAMG	4.690040e-04	4.327150e-06	3	true
302           	smoothSolver	3.856590e-05	3.000860e-06	7	8.397470e-04	7.202730e-05	6	7.528090e-04	6.272530e-05	6	false	GAMG	4.684200e-04	4.273300e-06	3	true
303           	smoothSolver	3.780460e-05	2.933680e-06	7	8.263740e-04	7.023640e-05	6	7.432720e-04	6.104120e-05	6	false	GAMG	4.668010e-04	4.255550e-06	3	true
304           	smoothSolver	3.762990e-05	2.859030e-06	7	8.257260e-04	6.900500e-05	6	7.427700e-04	6.045360e-05	6	false	GAMG	4.649790e-04	4.265320e-06	3	true
305           	smoothSolver	3.679730e-05	2.765510e-06	7	8.106790e-04	6.695490e-05	6	7.312650e-04	5.884500e-05	6	false	GAMG	4.612240e-04	4.230060e-06	3	true
306           	smoothSolver	3.645340e-05	2.685560e-06	7	8.113690e-04	6.621770e-05	6	7.241650e-04	5.788630e-05	6	false	GAMG	4.606290e-04	4.314830e-06	3	true
307           	smoothSolver	3.610930e-05	3.605830e-06	6	7.995580e-04	6.537710e-05	6	7.180320e-04	5.720070e-05	6	false	GAMG	4.610640e-04	4.322690e-06	3	true
308           	smoothSolver	3.608580e-05	3.555050e-06	6	7.997210e-04	6.442430e-05	6	7.171080e-04	5.598570e-05	6	false	GAMG	4.569130e-04	4.295290e-06	3	true
309           	smoothSolver	3.541920e-05	3.475160e-06	6	7.907630e-04	6.324480e-05	6	7.044570e-04	5.447650e-05	6	false	GAMG	4.539400e-04	4.191110e-06	3	true
310           	smoothSolver	3.534730e-05	3.437800e-06	6	7.865150e-04	6.269330e-05	6	6.993790e-04	5.364160e-05	6	false	GAMG	4.509720e-04	4.156610e-06	3	true
311           	smoothSolver	3.449220e-05	3.291810e-06	6	7.733630e-04	6.119340e-05	6	6.903750e-04	5.263970e-05	6	false	GAMG	4.479250e-04	4.078680e-06	3	true
312           	smoothSolver	3.384360e-05	3.189780e-06	6	7.663730e-04	5.990360e-05	6	6.829100e-04	5.111730e-05	6	false	GAMG	4.417260e-04	4.043320e-06	3	true
313           	smoothSolver	3.319030e-05	3.087570e-06	6	7.549290e-04	5.844760e-05	6	6.709510e-04	4.992130e-05	6	false	GAMG	4.383160e-04	4.021440e-06	3	true
314           	smoothSolver	3.293440e-05	3.024480e-06	6	7.503180e-04	5.785730e-05	6	6.645720e-04	4.913070e-05	6	false	GAMG	4.314110e-04	4.031300e-06	3	true
315           	smoothSolver	3.209210e-05	2.924380e-06	6	7.393460e-04	5.644490e-05	6	6.580090e-04	4.909970e-05	6	false	GAMG	4.294620e-04	4.044240e-06	3	true
316           	smoothSolver	3.214360e-05	2.905400e-06	6	7.415050e-04	5.637560e-05	6	6.608340e-04	4.905930e-05	6	false	GAMG	4.255470e-04	4.056380e-06	3	true
317           	smoothSolver	3.177550e-05	2.846010e-06	6	7.367180e-04	5.624330e-05	6	6.526120e-04	4.858990e-05	6	false	GAMG	4.219750e-04	4.039140e-06	3	true
318           	smoothSolver	3.151240e-05	2.793250e-06	6	7.361360e-04	5.577620e-05	6	6.463500e-04	4.766690e-05	6	false	GAMG	4.180290e-04	3.938300e-06	3	true
319           	smoothSolver	3.123120e-05	2.776870e-06	6	7.237600e-04	5.490740e-05	6	6.399830e-04	4.779580e-05	6	false	GAMG	4.180140e-04	3.930970e-06	3	true
320           	smoothSolver	3.135250e-05	2.763210e-06	6	7.255370e-04	5.490140e-05	6	6.405490e-04	4.743020e-05	6	false	GAMG	4.123710e-04	3.884440e-06	3	true
321           	smoothSolver	3.107400e-05	2.789320e-06	6	7.132380e-04	5.447750e-05	6	6.293720e-04	4.653360e-05	6	false	GAMG	4.104640e-04	3.882930e-06	3	true
322           	smoothSolver	3.094150e-05	2.749310e-06	6	7.093260e-04	5.413880e-05	6	6.239100e-04	4.573820e-05	6	false	GAMG	4.073230e-04	3.848830e-06	3	true
323           	smoothSolver	3.039880e-05	2.722680e-06	6	7.000130e-04	5.324500e-05	6	6.178980e-04	4.519070e-05	6	false	GAMG	4.072160e-04	3.927580e-06	3	true
324           	smoothSolver	3.060160e-05	2.754180e-06	6	7.018810e-04	5.273120e-05	6	6.164860e-04	4.473340e-05	6	false	GAMG	4.064560e-04	3.770490e-06	3	true
325           	smoothSolver	3.023350e-05	2.736210e-06	6	6.921210e-04	5.178150e-05	6	6.131780e-04	4.412880e-05	6	false	GAMG	4.060020e-04	3.802320e-06	3	true
326           	smoothSolver	3.025430e-05	2.713860e-06	6	6.922160e-04	5.135730e-05	6	6.102490e-04	4.357610e-05	6	false	GAMG	4.047460e-04	3.887990e-06	3	true
327           	smoothSolver	3.002380e-05	2.741920e-06	6	6.873950e-04	5.136770e-05	6	6.055280e-04	4.355670e-05	6	false	GAMG	4.093090e-04	3.968770e-06	3	true
328           	smoothSolver	3.107020e-05	2.890510e-06	6	6.997410e-04	5.291590e-05	6	6.198900e-04	4.481370e-05	6	false	GAMG	4.061280e-04	3.997490e-06	3	true
329           	smoothSolver	3.088650e-05	2.900810e-06	6	6.953120e-04	5.262280e-05	6	6.127830e-04	4.419240e-05	6	false	GAMG	4.060570e-04	1.532790e-06	4	true
330           	smoothSolver	3.104840e-05	2.924820e-06	6	6.999200e-04	5.338570e-05	6	6.155790e-04	4.559210e-05	6	false	GAMG	4.059310e-04	4.004660e-06	3	true
331           	smoothSolver	3.052290e-05	2.920480e-06	6	6.818600e-04	5.235020e-05	6	6.057330e-04	4.502810e-05	6	false	GAMG	4.081650e-04	1.578160e-06	4	true
332           	smoothSolver	3.090770e-05	2.949730e-06	6	6.901790e-04	5.322320e-05	6	6.128530e-04	4.579990e-05	6	false	GAMG	4.064700e-04	3.945120e-06	3	true
333           	smoothSolver	3.037170e-05	2.929660e-06	6	6.755170e-04	5.170820e-05	6	6.000310e-04	4.475280e-05	6	false	GAMG	4.064350e-04	1.509280e-06	4	true
334           	smoothSolver	3.063230e-05	2.909780e-06	6	6.834270e-04	5.289040e-05	6	6.058330e-04	4.534560e-05	6	false	GAMG	4.084950e-04	3.796970e-06	3	true
335           	smoothSolver	3.025160e-05	2.878300e-06	6	6.762050e-04	5.228540e-05	6	5.966890e-04	4.477230e-05	6	false	GAMG	4.090870e-04	3.955530e-06	3	true
336           	smoothSolver	3.011040e-05	2.862840e-06	6	6.759000e-04	5.234580e-05	6	6.005870e-04	4.526550e-05	6	false	GAMG	4.124180e-04	4.006940e-06	3	true
337           	smoothSolver	3.041010e-05	2.880040e-06	6	6.788600e-04	5.242490e-05	6	6.095980e-04	4.663860e-05	6	false	GAMG	4.137630e-04	4.023070e-06	3	true
338           	smoothSolver	3.041760e-05	2.861660e-06	6	6.884050e-04	5.231710e-05	6	6.046640e-04	4.589880e-05	6	false	GAMG	4.125000e-04	3.949830e-06	3	true
339           	smoothSolver	3.027790e-05	2.892580e-06	6	6.804000e-04	5.255000e-05	6	6.042310e-04	4.674820e-05	6	false	GAMG	4.132970e-04	4.005840e-06	3	true
340           	smoothSolver	3.031190e-05	2.886000e-06	6	6.829490e-04	5.259080e-05	6	6.070360e-04	4.699430e-05	6	false	GAMG	4.129680e-04	4.016040e-06	3	true
341           	smoothSolver	3.024620e-05	2.929860e-06	6	6.835890e-04	5.349170e-05	6	6.044480e-04	4.696990e-05	6	false	GAMG	4.110330e-04	4.028630e-06	3	true
342           	smoothSolver	3.037790e-05	2.936200e-06	6	6.802020e-04	5.270350e-05	6	6.039110e-04	4.778420e-05	6	false	GAMG	4.124550e-04	4.081740e-06	3	true
343           	smoothSolver	3.037080e-05	2.935690e-06	6	6.829520e-04	5.360430e-05	6	6.047550e-04	4.801960e-05	6	false	GAMG	4.121070e-04	4.074660e-06	3	true
344           	smoothSolver	3.036920e-05	2.914370e-06	6	6.820590e-04	5.305990e-05	6	6.054510e-04	4.746960e-05	6	false	GAMG	4.088650e-04	4.019170e-06	3	true
345           	smoothSolver	2.998220e-05	2.903620e-06	6	6.738020e-04	5.278490e-05	6	5.972720e-04	4.710810e-05	6	false	GAMG	4.083460e-04	4.050190e-06	3	true
346           	smoothSolver	3.004620e-05	2.876460e-06	6	6.763020e-04	5.250280e-05	6	5.948320e-04	4.702500e-05	6	false	GAMG	4.093070e-04	4.065290e-06	3	true
347           	smoothSolver	3.003900e-05	2.892260e-06	6	6.746270e-04	5.262520e-05	6	5.953050e-04	4.706180e-05	6	false	GAMG	4.079340e-04	1.531000e-06	4	true
348           	smoothSolver	3.054010e-05	2.906090e-06	6	6.843790e-04	5.329710e-05	6	6.061460e-04	4.803150e-05	6	false	GAMG	4.089740e-04	3.988710e-06	3	true
349           	smoothSolver	3.033520e-05	2.916260e-06	6	6.753700e-04	5.219680e-05	6	5.952520e-04	4.673010e-05	6	false	GAMG	4.098370e-04	1.532580e-06	4	true
350           	smoothSolver	3.059310e-05	2.892630e-06	6	6.862790e-04	5.312480e-05	6	6.034040e-04	4.731380e-05	6	false	GAMG	4.098960e-04	3.947890e-06	3	true
351           	smoothSolver	3.014430e-05	2.873890e-06	6	6.722410e-04	5.225410e-05	6	5.942580e-04	4.667830e-05	6	false	GAMG	4.081060e-04	1.533760e-06	4	true
352           	smoothSolver	3.065280e-05	2.890780e-06	6	6.832820e-04	5.312600e-05	6	6.062400e-04	4.803860e-05	6	false	GAMG	4.083830e-04	3.880740e-06	3	true
353           	smoothSolver	3.038110e-05	2.913340e-06	6	6.674650e-04	5.182740e-05	6	5.991800e-04	4.723660e-05	6	false	GAMG	4.049410e-04	3.967870e-06	3	true
354           	smoothSolver	3.014240e-05	2.894010e-06	6	6.683250e-04	5.185040e-05	6	5.972210e-04	4.769200e-05	6	false	GAMG	4.049380e-04	3.998300e-06	3	true
355           	smoothSolver	2.987830e-05	2.892570e-06	6	6.601020e-04	5.200520e-05	6	5.937420e-04	4.776520e-05	6	false	GAMG	4.056250e-04	4.044410e-06	3	true
356           	smoothSolver	3.037130e-05	2.924300e-06	6	6.648470e-04	5.220040e-05	6	5.995490e-04	4.779590e-05	6	false	GAMG	4.031320e-04	3.949770e-06	3	true
357           	smoothSolver	3.018490e-05	2.913910e-06	6	6.637000e-04	5.206590e-05	6	5.938850e-04	4.716920e-05	6	false	GAMG	4.000410e-04	3.883580e-06	3	true
358           	smoothSolver	3.001200e-05	2.874950e-06	6	6.565610e-04	5.108740e-05	6	5.911480e-04	4.701980e-05	6	false	GAMG	3.961990e-04	3.846920e-06	3	true
359           	smoothSolver	2.982840e-05	2.894270e-06	6	6.446480e-04	5.134340e-05	6	5.857260e-04	4.708780e-05	6	false	GAMG	3.916490e-04	3.897830e-06	3	true
360           	smoothSolver	2.982310e-05	2.891500e-06	6	6.397840e-04	5.065170e-05	6	5.812330e-04	4.645110e-05	6	false	GAMG	3.863340e-04	3.808560e-06	3	true
361           	smoothSolver	2.916700e-05	2.831520e-06	6	6.281760e-04	5.004080e-05	6	5.714940e-04	4.596780e-05	6	false	GAMG	3.795990e-04	3.598430e-06	3	true
362           	smoothSolver	2.858550e-05	2.739440e-06	6	6.140920e-04	4.874490e-05	6	5.599170e-04	4.458550e-05	6	false	GAMG	3.732920e-04	3.439730e-06	3	true
363           	smoothSolver	2.774700e-05	2.688750e-06	6	5.972550e-04	4.748980e-05	6	5.466490e-04	4.392390e-05	6	false	GAMG	3.691750e-04	3.505170e-06	3	true
364           	smoothSolver	2.774940e-05	2.686960e-06	6	5.923900e-04	4.682590e-05	6	5.465550e-04	4.339000e-05	6	false	GAMG	3.670400e-04	3.611620e-06	3	true
365           	smoothSolver	2.785070e-05	2.688990e-06	6	5.906490e-04	4.706990e-05	6	5.574870e-04	4.463690e-05	6	false	GAMG	3.588240e-04	3.402340e-06	3	true
366           	smoothSolver	2.729070e-05	2.596510e-06	6	5.894970e-04	4.646420e-05	6	5.400080e-04	4.223460e-05	6	false	GAMG	3.552850e-04	3.325280e-06	3	true
367           	smoothSolver	2.679940e-05	2.569850e-06	6	5.754490e-04	4.584580e-05	6	5.270340e-04	4.122530e-05	6	false	GAMG	3.514890e-04	3.223640e-06	3	true
368           	smoothSolver	2.643360e-05	2.503020e-06	6	5.747790e-04	4.523980e-05	6	5.230620e-04	4.090670e-05	6	false	GAMG	3.455350e-04	3.159120e-06	3	true
369           	smoothSolver	2.584340e-05	2.478170e-06	6	5.579920e-04	4.434650e-05	6	5.120580e-04	4.017900e-05	6	false	GAMG	3.396250e-04	3.176700e-06	3	true
370           	smoothSolver	2.576610e-05	2.447320e-06	6	5.530040e-04	4.380430e-05	6	5.109910e-04	4.009560e-05	6	false	GAMG	3.377000e-04	3.148830e-06	3	true
371           	smoothSolver	2.549880e-05	2.445690e-06	6	5.487160e-04	4.353450e-05	6	5.052240e-04	3.935980e-05	6	false	GAMG	3.353270e-04	3.104370e-06	3	true
372           	smoothSolver	2.560550e-05	2.441640e-06	6	5.520180e-04	4.351990e-05	6	5.053720e-04	3.916710e-05	6	false	GAMG	3.308510e-04	3.107140e-06	3	true
373           	smoothSolver	2.526700e-05	2.427410e-06	6	5.405250e-04	4.276910e-05	6	4.969720e-04	3.854790e-05	6	false	GAMG	3.280290e-04	3.093850e-06	3	true
374           	smoothSolver	2.520820e-05	2.401600e-06	6	5.424260e-04	4.294900e-05	6	4.940800e-04	3.867500e-05	6	false	GAMG	3.271000e-04	3.175800e-06	3	true
375           	smoothSolver	2.518660e-05	2.438580e-06	6	5.393090e-04	4.291820e-05	6	4.949090e-04	3.865500e-05	6	false	GAMG	3.254380e-04	3.083950e-06	3	true
376           	smoothSolver	2.502360e-05	2.383340e-06	6	5.431790e-04	4.232480e-05	6	4.954710e-04	3.793060e-05	6	false	GAMG	3.246840e-04	3.105390e-06	3	true
377           	smoothSolver	2.465540e-05	2.364300e-06	6	5.374400e-04	4.217000e-05	6	4.898350e-04	3.768280e-05	6	false	GAMG	3.237990e-04	3.050060e-06	3	true
378           	smoothSolver	2.443080e-05	2.315200e-06	6	5.384230e-04	4.151830e-05	6	4.855830e-04	3.680410e-05	6	false	GAMG	3.247150e-04	3.179640e-06	3	true
379           	smoothSolver	2.450860e-05	2.361000e-06	6	5.349470e-04	4.189580e-05	6	4.856520e-04	3.747340e-05	6	false	GAMG	3.273990e-04	3.133400e-06	3	true
380           	smoothSolver	2.481550e-05	2.359770e-06	6	5.407860e-04	4.185750e-05	6	4.932330e-04	3.759530e-05	6	false	GAMG	3.251800e-04	3.087880e-06	3	true
381           	smoothSolver	2.455480e-05	2.376200e-06	6	5.344390e-04	4.173940e-05	6	4.881140e-04	3.684130e-05	6	false	GAMG	3.278760e-04	3.116880e-06	3	true
382           	smoothSolver	2.512930e-05	2.441760e-06	6	5.406420e-04	4.208520e-05	6	4.914210e-04	3.674400e-05	6	false	GAMG	3.278100e-04	3.189020e-06	3	true
383           	smoothSolver	2.487730e-05	2.419630e-06	6	5.425500e-04	4.228420e-05	6	4.926820e-04	3.681970e-05	6	false	GAMG	3.322550e-04	3.183450e-06	3	true
384           	smoothSolver	2.507030e-05	2.411560e-06	6	5.435940e-04	4.116460e-05	6	5.004610e-04	3.694390e-05	6	false	GAMG	3.302110e-04	3.113400e-06	3	true
385           	smoothSolver	2.496170e-05	2.406480e-06	6	5.432930e-04	4.133610e-05	6	4.994030e-04	3.711850e-05	6	false	GAMG	3.345650e-04	3.108130e-06	3	true
386           	smoothSolver	2.543860e-05	2.416110e-06	6	5.508350e-04	4.187790e-05	6	5.027370e-04	3.715100e-05	6	false	GAMG	3.326860e-04	3.166240e-06	3	true
387           	smoothSolver	2.489820e-05	2.374170e-06	6	5.462970e-04	4.152740e-05	6	4.983440e-04	3.650090e-05	6	false	GAMG	3.358510e-04	3.128290e-06	3	true
388           	smoothSolver	2.528000e-05	2.390820e-06	6	5.507760e-04	4.162560e-05	6	5.070380e-04	3.712690e-05	6	false	GAMG	3.366480e-04	3.206190e-06	3	true
389           	smoothSolver	2.511550e-05	2.378690e-06	6	5.490880e-04	4.187080e-05	6	5.076810e-04	3.711260e-05	6	false	GAMG	3.377420e-04	3.085940e-06	3	true
390           	smoothSolver	2.519250e-05	2.347810e-06	6	5.549400e-04	4.220180e-05	6	5.052420e-04	3.684830e-05	6	false	GAMG	3.372150e-04	3.145690e-06	3	true
391           	smoothSolver	2.525240e-05	2.375610e-06	6	5.564660e-04	4.239640e-05	6	5.070420e-04	3.725020e-05	6	false	GAMG	3.405770e-04	3.170380e-06	3	true
392           	smoothSolver	2.539740e-05	2.363010e-06	6	5.594640e-04	4.307160e-05	6	5.141590e-04	3.763250e-05	6	false	GAMG	3.371380e-04	3.310160e-06	3	true
393           	smoothSolver	2.513110e-05	2.390450e-06	6	5.545760e-04	4.291900e-05	6	5.073730e-04	3.767780e-05	6	false	GAMG	3.394030e-04	3.309670e-06	3	true
394           	smoothSolver	2.573730e-05	2.408330e-06	6	5.636990e-04	4.433640e-05	6	5.119710e-04	3.827810e-05	6	false	GAMG	3.397740e-04	3.362600e-06	3	true
395           	smoothSolver	2.561310e-05	2.404850e-06	6	5.674460e-04	4.473200e-05	6	5.140890e-04	3.848560e-05	6	false	GAMG	3.413340e-04	3.386970e-06	3	true
396           	smoothSolver	2.580480e-05	2.414910e-06	6	5.684940e-04	4.479300e-05	6	5.154350e-04	3.919110e-05	6	false	GAMG	3.429900e-04	1.336460e-06	4	true
397           	smoothSolver	2.658980e-05	2.548400e-06	6	5.761750e-04	4.645180e-05	6	5.232890e-04	4.030910e-05	6	false	GAMG	3.439210e-04	3.397890e-06	3	true
398           	smoothSolver	2.653360e-05	2.487820e-06	6	5.797170e-04	4.609130e-05	6	5.219290e-04	3.958360e-05	6	false	GAMG	3.432540e-04	1.262590e-06	4	true
399           	smoothSolver	2.648600e-05	2.487330e-06	6	5.771220e-04	4.690690e-05	6	5.257690e-04	4.060940e-05	6	false	GAMG	3.449030e-04	3.421000e-06	3	true
400           	smoothSolver	2.677610e-05	2.533960e-06	6	5.794240e-04	4.643410e-05	6	5.283530e-04	4.060350e-05	6	false	GAMG	3.410330e-04	1.253030e-06	4	true
401           	smoothSolver	2.627810e-05	2.468160e-06	6	5.730690e-04	4.615390e-05	6	5.234930e-04	4.029370e-05	6	false	GAMG	3.392130e-04	3.289970e-06	3	true
402           	smoothSolver	2.600430e-05	2.450190e-06	6	5.694840e-04	4.583210e-05	6	5.165810e-04	4.003730e-05	6	false	GAMG	3.377880e-04	3.353170e-06	3	true
403           	smoothSolver	2.590130e-05	2.432550e-06	6	5.672260e-04	4.609660e-05	6	5.138600e-04	3.995730e-05	6	false	GAMG	3.403830e-04	1.236170e-06	4	true
404           	smoothSolver	2.638390e-05	2.492620e-06	6	5.800100e-04	4.687660e-05	6	5.232950e-04	4.102680e-05	6	false	GAMG	3.392050e-04	3.267870e-06	3	true
405           	smoothSolver	2.626260e-05	2.481930e-06	6	5.741560e-04	4.644730e-05	6	5.245530e-04	4.109030e-05	6	false	GAMG	3.406580e-04	3.401340e-06	3	true
406           	smoothSolver	2.649430e-05	2.474140e-06	6	5.819630e-04	4.639290e-05	6	5.245800e-04	4.083880e-05	6	false	GAMG	3.392270e-04	3.244650e-06	3	true
407           	smoothSolver	2.622750e-05	2.466010e-06	6	5.759820e-04	4.635910e-05	6	5.159860e-04	4.063110e-05	6	false	GAMG	3.402150e-04	3.273040e-06	3	true
408           	smoothSolver	2.634140e-05	2.453130e-06	6	5.728670e-04	4.585710e-05	6	5.185400e-04	4.028220e-05	6	false	GAMG	3.375670e-04	3.158120e-06	3	true
409           	smoothSolver	2.598350e-05	2.444610e-06	6	5.614200e-04	4.468740e-05	6	5.104110e-04	3.956680e-05	6	false	GAMG	3.395920e-04	3.055980e-06	3	true
410           	smoothSolver	2.633260e-05	2.447340e-06	6	5.693250e-04	4.477260e-05	6	5.090350e-04	3.927260e-05	6	false	GAMG	3.406140e-04	3.166070e-06	3	true
411           	smoothSolver	2.636060e-05	2.488330e-06	6	5.649000e-04	4.484030e-05	6	5.177260e-04	4.055730e-05	6	false	GAMG	3.406660e-04	3.136170e-06	3	true
412           	smoothSolver	2.621510e-05	2.463090e-06	6	5.670520e-04	4.380490e-05	6	5.158490e-04	3.971410e-05	6	false	GAMG	3.375850e-04	3.017410e-06	3	true
413           	smoothSolver	2.572380e-05	2.473240e-06	6	5.568680e-04	4.321880e-05	6	5.059890e-04	3.918130e-05	6	false	GAMG	3.380840e-04	3.025950e-06	3	true
414           	smoothSolver	2.621740e-05	2.527030e-06	6	5.625840e-04	4.415560e-05	6	5.091240e-04	3.968140e-05	6	false	GAMG	3.350010e-04	3.099360e-06	3	true
415           	smoothSolver	2.608080e-05	2.587940e-06	6	5.621140e-04	4.472550e-05	6	5.093330e-04	4.015420e-05	6	false	GAMG	3.355800e-04	3.033830e-06	3	true
416           	smoothSolver	2.644920e-05	2.603640e-06	6	5.695300e-04	4.503690e-05	6	5.148930e-04	4.063240e-05	6	false	GAMG	3.363890e-04	3.180450e-06	3	true
417           	smoothSolver	2.667760e-05	2.653910e-06	6	5.734620e-04	4.591230e-05	6	5.222140e-04	4.187140e-05	6	false	GAMG	3.381330e-04	3.182630e-06	3	true
418           	smoothSolver	2.714520e-05	2.698970e-06	6	5.832970e-04	4.640470e-05	6	5.241370e-04	4.182990e-05	6	false	GAMG	3.378160e-04	3.173630e-06	3	true
419           	smoothSolver	2.670260e-05	2.668210e-06	6	5.826970e-04	4.697950e-05	6	5.221420e-04	4.199250e-05	6	false	GAMG	3.404100e-04	3.212300e-06	3	true
420           	smoothSolver	2.710600e-05	2.005670e-06	7	5.948640e-04	4.823840e-05	6	5.314720e-04	4.286770e-05	6	false	GAMG	3.403690e-04	3.274220e-06	3	true
421           	smoothSolver	2.704620e-05	2.014640e-06	7	5.950050e-04	4.842730e-05	6	5.323570e-04	4.277920e-05	6	false	GAMG	3.443810e-04	3.297580e-06	3	true
422           	smoothSolver	2.722950e-05	2.704120e-06	6	6.099570e-04	4.930140e-05	6	5.381800e-04	4.369990e-05	6	false	GAMG	3.463320e-04	3.359860e-06	3	true
423           	smoothSolver	2.734540e-05	2.731520e-06	6	6.119880e-04	4.942740e-05	6	5.410160e-04	4.394040e-05	6	false	GAMG	3.500420e-04	3.426630e-06	3	true
424           	smoothSolver	2.808410e-05	2.783680e-06	6	6.170880e-04	4.958960e-05	6	5.522930e-04	4.435390e-05	6	false	GAMG	3.514830e-04	3.473490e-06	3	true
425           	smoothSolver	2.856520e-05	2.847800e-06	6	6.258550e-04	5.112980e-05	6	5.600490e-04	4.496190e-05	6	false	GAMG	3.519530e-04	1.380390e-06	4	true
426           	smoothSolver	2.875920e-05	2.811790e-06	6	6.386010e-04	5.164450e-05	6	5.679380e-04	4.570810e-05	6	false	GAMG	3.520020e-04	3.351890e-06	3	true
427           	smoothSolver	2.828960e-05	2.790180e-06	6	6.212640e-04	5.122330e-05	6	5.609790e-04	4.581060e-05	6	false	GAMG	3.531070e-04	1.371150e-06	4	true
428           	smoothSolver	2.898670e-05	2.898100e-06	6	6.345320e-04	5.243560e-05	6	5.714530e-04	4.698750e-05	6	false	GAMG	3.543150e-04	3.431970e-06	3	true
429           	smoothSolver	2.892770e-05	2.885240e-06	6	6.313070e-04	5.252260e-05	6	5.710050e-04	4.673210e-05	6	false	GAMG	3.572660e-04	1.373630e-06	4	true
430           	smoothSolver	2.927810e-05	2.858470e-06	6	6.483460e-04	5.347020e-05	6	5.821240e-04	4.734450e-05	6	false	GAMG	3.565670e-04	3.351380e-06	3	true
431           	smoothSolver	2.853520e-05	2.798850e-06	6	6.349320e-04	5.265000e-05	6	5.692940e-04	4.637030e-05	6	false	GAMG	3.601040e-04	3.547450e-06	3	true
432           	smoothSolver	2.866690e-05	2.783340e-06	6	6.415730e-04	5.260150e-05	6	5.798800e-04	4.719220e-05	6	false	GAMG	3.607010e-04	3.582630e-06	3	true
433           	smoothSolver	2.859980e-05	2.803470e-06	6	6.422650e-04	5.320380e-05	6	5.789110e-04	4.682540e-05	6	false	GAMG	3.638600e-04	1.411280e-06	4	true
434           	smoothSolver	2.936140e-05	2.810120e-06	6	6.612580e-04	5.421930e-05	6	6.011110e-04	4.907940e-05	6	false	GAMG	3.621860e-04	3.488940e-06	3	true
435           	smoothSolver	2.875590e-05	2.785940e-06	6	6.405150e-04	5.261100e-05	6	5.852580e-04	4.727940e-05	6	false	GAMG	3.639230e-04	3.610610e-06	3	true
436           	smoothSolver	2.891610e-05	2.755010e-06	6	6.452910e-04	5.247110e-05	6	5.875870e-04	4.763970e-05	6	false	GAMG	3.631220e-04	3.594510e-06	3	true
437           	smoothSolver	2.883320e-05	2.779710e-06	6	6.457150e-04	5.358510e-05	6	5.843750e-04	4.696660e-05	6	false	GAMG	3.623200e-04	3.579900e-06	3	true
438           	smoothSolver	2.914000e-05	2.793230e-06	6	6.495120e-04	5.277990e-05	6	5.883200e-04	4.742780e-05	6	false	GAMG	3.626560e-04	3.560850e-06	3	true
439           	smoothSolver	2.878280e-05	2.764760e-06	6	6.441380e-04	5.269310e-05	6	5.870670e-04	4.777610e-05	6	false	GAMG	3.637320e-04	1.396910e-06	4	true
440           	smoothSolver	2.919320e-05	2.794620e-06	6	6.588840e-04	5.412280e-05	6	6.002990e-04	4.921220e-05	6	false	GAMG	3.613910e-04	3.450920e-06	3	true
441           	smoothSolver	2.874920e-05	2.762800e-06	6	6.383690e-04	5.244090e-05	6	5.865530e-04	4.766790e-05	6	false	GAMG	3.629320e-04	3.545440e-06	3	true
442           	smoothSolver	2.894480e-05	2.747330e-06	6	6.451760e-04	5.256360e-05	6	5.846430e-04	4.747760e-05	6	false	GAMG	3.614480e-04	3.478330e-06	3	true
443           	smoothSolver	2.833130e-05	2.708980e-06	6	6.362360e-04	5.216480e-05	6	5.789800e-04	4.678390e-05	6	false	GAMG	3.617570e-04	3.470620e-06	3	true
444           	smoothSolver	2.874520e-05	2.746970e-06	6	6.341210e-04	5.146480e-05	6	5.828950e-04	4.733430e-05	6	false	GAMG	3.591120e-04	3.481670e-06	3	true
445           	smoothSolver	2.845730e-05	2.738380e-06	6	6.297930e-04	5.116390e-05	6	5.759870e-04	4.621810e-05	6	false	GAMG	3.578700e-04	3.372370e-06	3	true
446           	smoothSolver	2.801280e-05	2.683560e-06	6	6.224790e-04	5.004330e-05	6	5.681760e-04	4.521300e-05	6	false	GAMG	3.551170e-04	3.307990e-06	3	true
447           	smoothSolver	2.753570e-05	2.681890e-06	6	6.082090e-04	4.943770e-05	6	5.582810e-04	4.482650e-05	6	false	GAMG	3.562310e-04	3.242470e-06	3	true
448           	smoothSolver	2.776930e-05	2.693640e-06	6	6.110340e-04	4.955760e-05	6	5.619770e-04	4.481960e-05	6	false	GAMG	3.532140e-04	3.232490e-06	3	true
449           	smoothSolver	2.738790e-05	2.703820e-06	6	5.992690e-04	4.869970e-05	6	5.509270e-04	4.389640e-05	6	false	GAMG	3.536620e-04	3.192630e-06	3	true
450           	smoothSolver	2.763920e-05	2.738010e-06	6	6.065610e-04	4.931980e-05	6	5.499790e-04	4.454130e-05	6	false	GAMG	3.511940e-04	3.220580e-06	3	true
451           	smoothSolver	2.730260e-05	2.728420e-06	6	5.964520e-04	4.900450e-05	6	5.463900e-04	4.382060e-05	6	false	GAMG	3.543530e-04	3.251850e-06	3	true
452           	smoothSolver	2.765500e-05	2.737420e-06	6	6.026850e-04	4.890560e-05	6	5.527700e-04	4.468420e-05	6	false	GAMG	3.520580e-04	3.325120e-06	3	true
453           	smoothSolver	2.765200e-05	2.053740e-06	7	5.944250e-04	4.868650e-05	6	5.443000e-04	4.392350e-05	6	false	GAMG	3.521480e-04	3.282950e-06	3	true
454           	smoothSolver	2.785020e-05	2.756060e-06	6	5.997110e-04	4.849720e-05	6	5.419450e-04	4.396850e-05	6	false	GAMG	3.533410e-04	3.341780e-06	3	true
455           	smoothSolver	2.755940e-05	2.035790e-06	7	6.004580e-04	4.857250e-05	6	5.367760e-04	4.313470e-05	6	false	GAMG	3.530150e-04	3.360450e-06	3	true
456           	smoothSolver	2.768150e-05	2.724050e-06	6	6.032870e-04	4.813310e-05	6	5.413080e-04	4.295610e-05	6	false	GAMG	3.553760e-04	3.382570e-06	3	true
457           	smoothSolver	2.788330e-05	2.763950e-06	6	6.060940e-04	4.874900e-05	6	5.433260e-04	4.274680e-05	6	false	GAMG	3.581500e-04	3.485470e-06	3	true
458           	smoothSolver	2.814910e-05	2.740370e-06	6	6.174810e-04	4.923530e-05	6	5.468060e-04	4.311090e-05	6	false	GAMG	3.590240e-04	3.574890e-06	3	true
459           	smoothSolver	2.822350e-05	2.770190e-06	6	6.186790e-04	4.996190e-05	6	5.496060e-04	4.285470e-05	6	false	GAMG	3.630340e-04	3.586690e-06	3	true
460           	smoothSolver	2.862930e-05	2.776110e-06	6	6.306020e-04	5.030730e-05	6	5.569230e-04	4.351650e-05	6	false	GAMG	3.621300e-04	1.413810e-06	4	true
461           	smoothSolver	2.880400e-05	2.832860e-06	6	6.420270e-04	5.182160e-05	6	5.636780e-04	4.418830e-05	6	false	GAMG	3.648480e-04	3.558650e-06	3	true
462           	smoothSolver	2.883440e-05	2.795560e-06	6	6.407200e-04	5.127960e-05	6	5.643570e-04	4.425330e-05	6	false	GAMG	3.661370e-04	1.404690e-06	4	true
463           	smoothSolver	2.916780e-05	2.856570e-06	6	6.533370e-04	5.316870e-05	6	5.779890e-04	4.552240e-05	6	false	GAMG	3.672420e-04	3.570290e-06	3	true
464           	smoothSolver	2.910910e-05	2.843310e-06	6	6.526910e-04	5.294780e-05	6	5.741290e-04	4.508220e-05	6	false	GAMG	3.672690e-04	1.434440e-06	4	true
465           	smoothSolver	2.950820e-05	2.933270e-06	6	6.645810e-04	5.498800e-05	6	5.821880e-04	4.683720e-05	6	false	GAMG	3.686720e-04	3.567300e-06	3	true
466           	smoothSolver	2.968560e-05	2.924070e-06	6	6.659330e-04	5.478120e-05	6	5.820140e-04	4.638750e-05	6	false	GAMG	3.696140e-04	1.482230e-06	4	true
467           	smoothSolver	2.989150e-05	2.228910e-06	7	6.769770e-04	5.691750e-05	6	5.927140e-04	4.813320e-05	6	false	GAMG	3.717710e-04	3.623600e-06	3	true
468           	smoothSolver	3.004830e-05	2.251920e-06	7	6.737620e-04	5.705230e-05	6	5.963870e-04	4.845920e-05	6	false	GAMG	3.700660e-04	1.520820e-06	4	true
469           	smoothSolver	3.036930e-05	2.323840e-06	7	6.844910e-04	5.881080e-05	6	6.063260e-04	4.993740e-05	6	false	GAMG	3.716170e-04	1.442350e-06	4	true
470           	smoothSolver	3.102060e-05	2.367870e-06	7	6.919580e-04	5.960300e-05	6	6.160990e-04	5.105280e-05	6	false	GAMG	3.723490e-04	3.694220e-06	3	true
471           	smoothSolver	3.094690e-05	2.432650e-06	7	6.842900e-04	5.991270e-05	6	6.139850e-04	5.146730e-05	6	false	GAMG	3.753280e-04	1.534520e-06	4	true
472           	smoothSolver	3.161530e-05	2.476540e-06	7	7.020250e-04	6.134310e-05	6	6.292830e-04	5.299450e-05	6	false	GAMG	3.752990e-04	3.725640e-06	3	true
473           	smoothSolver	3.145350e-05	2.508530e-06	7	6.915910e-04	6.067800e-05	6	6.255310e-04	5.306400e-05	6	false	GAMG	3.760500e-04	1.492670e-06	4	true
474           	smoothSolver	3.184880e-05	2.526110e-06	7	6.983660e-04	6.162050e-05	6	6.309000e-04	5.371170e-05	6	false	GAMG	3.749660e-04	1.414300e-06	4	true
475           	smoothSolver	3.204220e-05	2.572780e-06	7	6.987370e-04	6.224190e-05	6	6.322690e-04	5.460570e-05	6	false	GAMG	3.756060e-04	3.687400e-06	3	true
476           	smoothSolver	3.203800e-05	2.587220e-06	7	6.978390e-04	6.178210e-05	6	6.288780e-04	5.375750e-05	6	false	GAMG	3.728380e-04	1.469450e-06	4	true
477           	smoothSolver	3.185190e-05	2.584750e-06	7	6.905450e-04	6.178660e-05	6	6.271860e-04	5.462060e-05	6	false	GAMG	3.725520e-04	3.548090e-06	3	true
478           	smoothSolver	3.143140e-05	2.522650e-06	7	6.808170e-04	6.055750e-05	6	6.138590e-04	5.276930e-05	6	false	GAMG	3.693470e-04	1.423600e-06	4	true
479           	smoothSolver	3.133370e-05	2.533200e-06	7	6.776550e-04	6.084800e-05	6	6.100060e-04	5.316160e-05	6	false	GAMG	3.693970e-04	3.524600e-06	3	true
480           	smoothSolver	3.137970e-05	2.517820e-06	7	6.677760e-04	6.018840e-05	6	6.125180e-04	5.313280e-05	6	false	GAMG	3.645750e-04	1.325330e-06	4	true
481           	smoothSolver	3.134170e-05	2.546250e-06	7	6.656030e-04	6.044760e-05	6	6.063340e-04	5.289800e-05	6	false	GAMG	3.622620e-04	3.446880e-06	3	true
482           	smoothSolver	3.095910e-05	2.471410e-06	7	6.527450e-04	5.858070e-05	6	5.943140e-04	5.150250e-05	6	false	GAMG	3.590280e-04	3.549120e-06	3	true
483           	smoothSolver	3.049400e-05	2.434200e-06	7	6.425340e-04	5.769710e-05	6	5.855950e-04	5.076450e-05	6	false	GAMG	3.572010e-04	3.493560e-06	3	true
484           	smoothSolver	3.052510e-05	2.401990e-06	7	6.402450e-04	5.666520e-05	6	5.847070e-04	4.971690e-05	6	false	GAMG	3.589490e-04	1.312070e-06	4	true
485           	smoothSolver	3.100800e-05	2.412700e-06	7	6.473800e-04	5.719540e-05	6	6.012090e-04	5.114130e-05	6	false	GAMG	3.570410e-04	3.373510e-06	3	true
486           	smoothSolver	3.004350e-05	2.275470e-06	7	6.347770e-04	5.429920e-05	6	5.832130e-04	4.783120e-05	6	false	GAMG	3.552540e-04	3.398770e-06	3	true
487           	smoothSolver	2.941640e-05	2.211910e-06	7	6.216060e-04	5.252150e-05	6	5.742240e-04	4.739530e-05	6	false	GAMG	3.550400e-04	3.352740e-06	3	true
488           	smoothSolver	2.939570e-05	2.180220e-06	7	6.204930e-04	5.136620e-05	6	5.710760e-04	4.607220e-05	6	false	GAMG	3.531320e-04	3.321050e-06	3	true
489           	smoothSolver	2.891290e-05	2.115390e-06	7	6.143240e-04	5.045090e-05	6	5.671960e-04	4.542730e-05	6	false	GAMG	3.539750e-04	3.291870e-06	3	true
490           	smoothSolver	2.866890e-05	2.807350e-06	6	6.099800e-04	4.922240e-05	6	5.627230e-04	4.414240e-05	6	false	GAMG	3.552150e-04	3.315920e-06	3	true
491           	smoothSolver	2.880300e-05	2.787320e-06	6	6.138670e-04	4.915070e-05	6	5.665540e-04	4.445220e-05	6	false	GAMG	3.531180e-04	3.307730e-06	3	true
492           	smoothSolver	2.857210e-05	2.768220e-06	6	6.072970e-04	4.767590e-05	6	5.606420e-04	4.283380e-05	6	false	GAMG	3.492370e-04	3.248080e-06	3	true
493           	smoothSolver	2.807380e-05	2.749530e-06	6	5.985830e-04	4.688070e-05	6	5.485770e-04	4.227730e-05	6	false	GAMG	3.493570e-04	3.250520e-06	3	true
494           	smoothSolver	2.791400e-05	2.686450e-06	6	5.980980e-04	4.619310e-05	6	5.448720e-04	4.139490e-05	6	false	GAMG	3.469590e-04	3.213360e-06	3	true
495           	smoothSolver	2.747020e-05	2.648630e-06	6	5.849460e-04	4.509100e-05	6	5.390830e-04	4.113120e-05	6	false	GAMG	3.482700e-04	3.261590e-06	3	true
496           	smoothSolver	2.741390e-05	2.599300e-06	6	5.845490e-04	4.459910e-05	6	5.399840e-04	4.097210e-05	6	false	GAMG	3.461430e-04	3.269150e-06	3	true
497           	smoothSolver	2.732290e-05	2.603500e-06	6	5.801660e-04	4.471180e-05	6	5.362450e-04	4.127240e-05	6	false	GAMG	3.441040e-04	3.235870e-06	3	true
498           	smoothSolver	2.724050e-05	2.560600e-06	6	5.792100e-04	4.405550e-05	6	5.334450e-04	4.043680e-05	6	false	GAMG	3.433430e-04	3.240850e-06	3	true
499           	smoothSolver	2.681370e-05	2.569280e-06	6	5.757630e-04	4.454980e-05	6	5.231680e-04	4.001370e-05	6	false	GAMG	3.427590e-04	3.308220e-06	3	true
500           	smoothSolver	2.683470e-05	2.519860e-06	6	5.743200e-04	4.399890e-05	6	5.271740e-04	3.960580e-05	6	false	GAMG	3.396630e-04	3.282980e-06	3	true
