# Force and moment coefficients
# dragDir     : (1.000000e+00 0.000000e+00 0.000000e+00)
# sideDir     : (0.000000e+00 1.000000e+00 0.000000e+00)
# liftDir     : (0.000000e+00 0.000000e+00 1.000000e+00)
# rollAxis    : (1.000000e+00 0.000000e+00 0.000000e+00)
# pitchAxis   : (0.000000e+00 1.000000e+00 0.000000e+00)
# yawAxis     : (0.000000e+00 0.000000e+00 1.000000e+00)
# magUInf     : 2.000000e+01
# lRef        : 1.420000e+00
# Aref        : 7.500000e-01
# CofR        : (7.200000e-01 0.000000e+00 0.000000e+00)
#
# Time        	Cd            	Cd(f)         	Cd(r)         	Cl            	Cl(f)         	Cl(r)         	CmPitch       	CmRoll        	CmYaw         	Cs            	Cs(f)         	Cs(r)         
1             	1.257625e+01	6.335686e+00	6.240561e+00	-1.150040e+00	5.376873e+00	-6.526914e+00	5.951893e+00	4.756243e-02	-2.802236e-02	-1.721944e-01	-1.141196e-01	-5.807487e-02
2             	6.545744e+00	3.280843e+00	3.264901e+00	-4.429879e-01	2.692734e+00	-3.135722e+00	2.914228e+00	7.971270e-03	-1.914092e-02	-7.666672e-02	-5.747428e-02	-1.919244e-02
3             	3.933714e+00	1.974541e+00	1.959173e+00	-2.434243e-01	1.769793e+00	-2.013217e+00	1.891505e+00	7.684215e-03	-4.309002e-03	-2.330269e-02	-1.596035e-02	-7.342342e-03
4             	2.237020e+00	1.110695e+00	1.126325e+00	-9.973582e-02	1.014113e+00	-1.113849e+00	1.063981e+00	-7.815173e-03	5.101082e-03	8.621015e-03	9.411590e-03	-7.905749e-04
5             	1.278573e+00	6.285875e-01	6.499852e-01	-1.455611e-02	5.606951e-01	-5.752512e-01	5.679732e-01	-1.069886e-02	8.301795e-03	1.790499e-02	1.725429e-02	6.506977e-04
6             	8.541196e-01	4.181948e-01	4.359249e-01	3.197206e-03	3.776543e-01	-3.744571e-01	3.760557e-01	-8.865057e-03	7.212749e-03	1.286863e-02	1.364706e-02	-7.784328e-04
7             	6.442302e-01	3.179736e-01	3.262565e-01	-5.729750e-07	2.903927e-01	-2.903933e-01	2.903930e-01	-4.141459e-03	3.143292e-03	3.547762e-03	4.917173e-03	-1.369411e-03
8             	5.610199e-01	2.797702e-01	2.812497e-01	-1.838769e-02	2.545432e-01	-2.729309e-01	2.637370e-01	-7.397696e-04	1.835801e-03	-2.332189e-03	6.697070e-04	-3.001896e-03
9             	4.924979e-01	2.439954e-01	2.485025e-01	-2.607681e-02	2.175602e-01	-2.436370e-01	2.305986e-01	-2.253521e-03	9.329728e-04	8.057761e-04	1.335861e-03	-5.300847e-04
10            	4.735394e-01	2.322864e-01	2.412529e-01	-3.068610e-02	2.080945e-01	-2.387806e-01	2.234376e-01	-4.483238e-03	6.647278e-04	6.728741e-03	4.029098e-03	2.699643e-03
11            	4.503690e-01	2.172314e-01	2.331376e-01	-2.970635e-02	1.927933e-01	-2.224997e-01	2.076465e-01	-7.953107e-03	2.242008e-03	1.417243e-02	9.328223e-03	4.844208e-03
12            	4.527931e-01	2.149194e-01	2.378737e-01	-1.896492e-02	1.966871e-01	-2.156520e-01	2.061695e-01	-1.147719e-02	4.066245e-03	1.981802e-02	1.397526e-02	5.842765e-03
13            	4.493202e-01	2.090207e-01	2.402994e-01	-3.281277e-03	1.962439e-01	-1.995252e-01	1.978846e-01	-1.563933e-02	5.537206e-03	2.623433e-02	1.865437e-02	7.579958e-03
14            	4.513530e-01	2.051558e-01	2.461972e-01	1.704414e-02	1.995511e-01	-1.825070e-01	1.910290e-01	-2.052071e-02	6.637611e-03	3.437241e-02	2.382382e-02	1.054859e-02
15            	4.391078e-01	1.931918e-01	2.459160e-01	2.731599e-02	1.908792e-01	-1.635632e-01	1.772212e-01	-2.636209e-02	6.217759e-03	4.376753e-02	2.810152e-02	1.566601e-02
16            	4.346256e-01	1.839043e-01	2.507214e-01	3.922043e-02	1.891392e-01	-1.499187e-01	1.695290e-01	-3.340856e-02	4.848640e-03	5.619332e-02	3.294530e-02	2.324802e-02
17            	4.268379e-01	1.721682e-01	2.546697e-01	4.204640e-02	1.845244e-01	-1.424780e-01	1.635012e-01	-4.125072e-02	3.388336e-03	7.047433e-02	3.862550e-02	3.184883e-02
18            	4.241843e-01	1.653945e-01	2.587898e-01	4.351619e-02	1.849158e-01	-1.413996e-01	1.631577e-01	-4.669763e-02	2.494684e-03	8.070713e-02	4.284825e-02	3.785888e-02
19            	4.250189e-01	1.628035e-01	2.622155e-01	4.421403e-02	1.892776e-01	-1.450635e-01	1.671706e-01	-4.970599e-02	3.064875e-03	8.706801e-02	4.659888e-02	4.046913e-02
20            	4.232003e-01	1.605816e-01	2.626186e-01	4.081878e-02	1.906813e-01	-1.498625e-01	1.702719e-01	-5.101851e-02	4.877005e-03	9.072784e-02	5.024092e-02	4.048691e-02
21            	4.238963e-01	1.612514e-01	2.626449e-01	4.250014e-02	1.949863e-01	-1.524861e-01	1.737362e-01	-5.069670e-02	7.439767e-03	9.194807e-02	5.341380e-02	3.853427e-02
22            	4.214022e-01	1.616808e-01	2.597214e-01	4.167577e-02	1.953615e-01	-1.536858e-01	1.745237e-01	-4.902034e-02	9.759695e-03	9.046184e-02	5.499061e-02	3.547122e-02
23            	4.164434e-01	1.617003e-01	2.547431e-01	4.300745e-02	1.939448e-01	-1.509373e-01	1.724410e-01	-4.652144e-02	1.150450e-02	8.660055e-02	5.480477e-02	3.179577e-02
24            	4.132926e-01	1.635070e-01	2.497855e-01	4.480024e-02	1.928558e-01	-1.480556e-01	1.704557e-01	-4.313925e-02	1.251652e-02	8.024471e-02	5.263888e-02	2.760583e-02
25            	4.093192e-01	1.660699e-01	2.432493e-01	4.697107e-02	1.914883e-01	-1.445172e-01	1.680027e-01	-3.858970e-02	1.264308e-02	7.150684e-02	4.839650e-02	2.311034e-02
26            	4.052162e-01	1.699280e-01	2.352882e-01	4.883699e-02	1.894522e-01	-1.406153e-01	1.650338e-01	-3.268009e-02	1.208477e-02	6.037134e-02	4.227044e-02	1.810090e-02
27            	4.018378e-01	1.752000e-01	2.266379e-01	5.208639e-02	1.885038e-01	-1.364174e-01	1.624606e-01	-2.571894e-02	1.083474e-02	4.713562e-02	3.440255e-02	1.273307e-02
28            	3.964218e-01	1.794602e-01	2.169616e-01	5.338438e-02	1.854005e-01	-1.320161e-01	1.587083e-01	-1.875070e-02	8.821574e-03	3.309721e-02	2.537018e-02	7.727033e-03
29            	3.938779e-01	1.838648e-01	2.100131e-01	5.682704e-02	1.849578e-01	-1.281307e-01	1.565442e-01	-1.307416e-02	6.586000e-03	2.096350e-02	1.706775e-02	3.895749e-03
30            	3.894614e-01	1.853523e-01	2.041091e-01	5.824452e-02	1.827913e-01	-1.245468e-01	1.536691e-01	-9.378434e-03	4.503016e-03	1.271061e-02	1.085832e-02	1.852290e-03
31            	3.872480e-01	1.862580e-01	2.009901e-01	5.975063e-02	1.820234e-01	-1.222728e-01	1.521481e-01	-7.366057e-03	2.830467e-03	8.493064e-03	7.076999e-03	1.416065e-03
32            	3.868503e-01	1.865759e-01	2.002744e-01	6.060017e-02	1.820109e-01	-1.214107e-01	1.517108e-01	-6.849245e-03	1.706031e-03	7.918262e-03	5.665162e-03	2.253100e-03
33            	3.876270e-01	1.859429e-01	2.016841e-01	6.107306e-02	1.823953e-01	-1.213222e-01	1.518587e-01	-7.870630e-03	1.450123e-03	1.093681e-02	6.918527e-03	4.018282e-03
34            	3.906824e-01	1.855141e-01	2.051683e-01	6.276751e-02	1.844811e-01	-1.217136e-01	1.530973e-01	-9.827076e-03	2.027312e-03	1.609714e-02	1.007588e-02	6.021259e-03
35            	3.938859e-01	1.850528e-01	2.088331e-01	6.483507e-02	1.865344e-01	-1.216993e-01	1.541169e-01	-1.189011e-02	3.112081e-03	2.126068e-02	1.374242e-02	7.518261e-03
36            	3.973287e-01	1.852685e-01	2.120602e-01	6.796165e-02	1.889733e-01	-1.210117e-01	1.549925e-01	-1.339582e-02	4.213656e-03	2.488805e-02	1.665768e-02	8.230370e-03
37            	3.996264e-01	1.856503e-01	2.139761e-01	7.117270e-02	1.908450e-01	-1.196723e-01	1.552586e-01	-1.416292e-02	4.900383e-03	2.637958e-02	1.809017e-02	8.289405e-03
38            	4.008018e-01	1.860788e-01	2.147230e-01	7.434994e-02	1.922081e-01	-1.178582e-01	1.550331e-01	-1.432210e-02	4.892340e-03	2.598199e-02	1.788334e-02	8.098657e-03
39            	4.013800e-01	1.868512e-01	2.145289e-01	7.700449e-02	1.930744e-01	-1.160699e-01	1.545721e-01	-1.383883e-02	4.074359e-03	2.382932e-02	1.598902e-02	7.840300e-03
40            	4.015751e-01	1.879305e-01	2.136445e-01	7.931374e-02	1.935330e-01	-1.142192e-01	1.538761e-01	-1.285700e-02	2.444517e-03	2.043261e-02	1.266082e-02	7.771786e-03
41            	4.016629e-01	1.892526e-01	2.124103e-01	8.076159e-02	1.936115e-01	-1.128499e-01	1.532307e-01	-1.157882e-02	4.243487e-04	1.651967e-02	8.684183e-03	7.835486e-03
42            	4.020598e-01	1.907283e-01	2.113315e-01	8.153194e-02	1.937833e-01	-1.122513e-01	1.530173e-01	-1.030159e-02	-1.453878e-03	1.305988e-02	5.076062e-03	7.983819e-03
43            	4.022632e-01	1.920341e-01	2.102291e-01	8.147808e-02	1.936335e-01	-1.121554e-01	1.528944e-01	-9.097467e-03	-2.811045e-03	1.024444e-02	2.311174e-03	7.933264e-03
44            	4.028735e-01	1.933507e-01	2.095228e-01	8.130236e-02	1.936287e-01	-1.123263e-01	1.529775e-01	-8.086048e-03	-3.607614e-03	8.245933e-03	5.153526e-04	7.730580e-03
45            	4.030575e-01	1.942372e-01	2.088203e-01	8.077884e-02	1.931448e-01	-1.123660e-01	1.527554e-01	-7.291580e-03	-3.870474e-03	6.920465e-03	-4.102415e-04	7.330707e-03
46            	4.032338e-01	1.948652e-01	2.083686e-01	8.054838e-02	1.926574e-01	-1.121091e-01	1.523832e-01	-6.751721e-03	-3.744497e-03	6.190907e-03	-6.490436e-04	6.839950e-03
47            	4.030774e-01	1.949702e-01	2.081071e-01	8.035776e-02	1.920309e-01	-1.116732e-01	1.518520e-01	-6.568456e-03	-3.370291e-03	6.085462e-03	-3.275602e-04	6.413023e-03
48            	4.026439e-01	1.946100e-01	2.080339e-01	8.003618e-02	1.913668e-01	-1.113306e-01	1.513487e-01	-6.711962e-03	-2.955106e-03	6.433801e-03	2.617946e-04	6.172006e-03
49            	4.022390e-01	1.940114e-01	2.082276e-01	7.968480e-02	1.908521e-01	-1.111673e-01	1.510097e-01	-7.108078e-03	-2.649944e-03	7.010919e-03	8.555156e-04	6.155404e-03
50            	4.015798e-01	1.931298e-01	2.084500e-01	7.920270e-02	1.902205e-01	-1.110178e-01	1.506192e-01	-7.660085e-03	-2.496481e-03	7.629826e-03	1.318432e-03	6.311395e-03
51            	4.008853e-01	1.921007e-01	2.087846e-01	7.869999e-02	1.895524e-01	-1.108524e-01	1.502024e-01	-8.341937e-03	-2.413602e-03	8.345600e-03	1.759198e-03	6.586402e-03
52            	4.005893e-01	1.912156e-01	2.093737e-01	7.847593e-02	1.892462e-01	-1.107703e-01	1.500082e-01	-9.079034e-03	-2.303813e-03	9.168831e-03	2.280603e-03	6.888228e-03
53            	4.005550e-01	1.904905e-01	2.100645e-01	7.812243e-02	1.890677e-01	-1.109452e-01	1.500065e-01	-9.786973e-03	-2.071626e-03	1.001291e-02	2.934827e-03	7.078079e-03
54            	4.010231e-01	1.901109e-01	2.109121e-01	7.789530e-02	1.892941e-01	-1.113988e-01	1.503465e-01	-1.040060e-02	-1.735494e-03	1.078727e-02	3.658142e-03	7.129129e-03
55            	4.015782e-01	1.899076e-01	2.116706e-01	7.742528e-02	1.895439e-01	-1.121187e-01	1.508313e-01	-1.088151e-02	-1.356167e-03	1.140376e-02	4.345712e-03	7.058046e-03
56            	4.026937e-01	1.900729e-01	2.126208e-01	7.706502e-02	1.901479e-01	-1.130829e-01	1.516154e-01	-1.127393e-02	-1.027988e-03	1.194611e-02	4.945066e-03	7.001041e-03
57            	4.038261e-01	1.903891e-01	2.134370e-01	7.660796e-02	1.906904e-01	-1.140824e-01	1.523864e-01	-1.152397e-02	-7.964583e-04	1.226679e-02	5.336937e-03	6.929853e-03
58            	4.053289e-01	1.909816e-01	2.143473e-01	7.636279e-02	1.914481e-01	-1.150853e-01	1.532667e-01	-1.168287e-02	-6.977485e-04	1.248838e-02	5.546443e-03	6.941940e-03
59            	4.069138e-01	1.917082e-01	2.152056e-01	7.621680e-02	1.921766e-01	-1.159598e-01	1.540682e-01	-1.174869e-02	-7.015052e-04	1.262605e-02	5.611521e-03	7.014532e-03
60            	4.085658e-01	1.925127e-01	2.160531e-01	7.633241e-02	1.930154e-01	-1.166830e-01	1.548492e-01	-1.177020e-02	-7.699963e-04	1.279270e-02	5.626352e-03	7.166345e-03
61            	4.100290e-01	1.932968e-01	2.167322e-01	7.648194e-02	1.937090e-01	-1.172271e-01	1.554681e-01	-1.171771e-02	-8.527252e-04	1.291204e-02	5.603294e-03	7.308745e-03
62            	4.113144e-01	1.940204e-01	2.172940e-01	7.668067e-02	1.943167e-01	-1.176360e-01	1.559763e-01	-1.163677e-02	-9.059406e-04	1.302027e-02	5.604193e-03	7.416074e-03
63            	4.123263e-01	1.946213e-01	2.177051e-01	7.680369e-02	1.946999e-01	-1.178962e-01	1.562980e-01	-1.154191e-02	-8.918271e-04	1.310556e-02	5.660955e-03	7.444609e-03
64            	4.130410e-01	1.950731e-01	2.179679e-01	7.696776e-02	1.949491e-01	-1.179813e-01	1.564652e-01	-1.144738e-02	-7.941769e-04	1.317564e-02	5.793644e-03	7.381998e-03
65            	4.134472e-01	1.953749e-01	2.180722e-01	7.714784e-02	1.950311e-01	-1.178833e-01	1.564572e-01	-1.134864e-02	-6.328549e-04	1.322942e-02	5.981855e-03	7.247565e-03
66            	4.135797e-01	1.955513e-01	2.180285e-01	7.742215e-02	1.950576e-01	-1.176354e-01	1.563465e-01	-1.123860e-02	-4.328875e-04	1.322677e-02	6.180499e-03	7.046274e-03
67            	4.134035e-01	1.956365e-01	2.177669e-01	7.767223e-02	1.949503e-01	-1.172781e-01	1.561142e-01	-1.106520e-02	-2.313284e-04	1.308823e-02	6.312784e-03	6.775441e-03
68            	4.130057e-01	1.956493e-01	2.173564e-01	7.801937e-02	1.948635e-01	-1.168441e-01	1.558538e-01	-1.085351e-02	-5.074548e-05	1.285518e-02	6.376846e-03	6.478337e-03
69            	4.123892e-01	1.956687e-01	2.167204e-01	7.832776e-02	1.946919e-01	-1.163641e-01	1.555280e-01	-1.052585e-02	9.196826e-05	1.240070e-02	6.292319e-03	6.108383e-03
70            	4.116852e-01	1.957262e-01	2.159589e-01	7.868141e-02	1.945518e-01	-1.158704e-01	1.552111e-01	-1.011636e-02	2.094016e-04	1.176582e-02	6.092310e-03	5.673507e-03
71            	4.109100e-01	1.958143e-01	2.150957e-01	7.885568e-02	1.943177e-01	-1.154620e-01	1.548898e-01	-9.640685e-03	3.077538e-04	1.098622e-02	5.800862e-03	5.185354e-03
72            	4.101995e-01	1.959400e-01	2.142595e-01	7.901234e-02	1.941469e-01	-1.151346e-01	1.546408e-01	-9.159725e-03	4.160873e-04	1.016020e-02	5.496188e-03	4.664013e-03
73            	4.096304e-01	1.960766e-01	2.135539e-01	7.899138e-02	1.939770e-01	-1.149856e-01	1.544813e-01	-8.738645e-03	5.375893e-04	9.410563e-03	5.242871e-03	4.167692e-03
74            	4.092617e-01	1.962254e-01	2.130363e-01	7.894793e-02	1.939095e-01	-1.149616e-01	1.544355e-01	-8.405475e-03	6.945116e-04	8.761439e-03	5.075231e-03	3.686208e-03
75            	4.090472e-01	1.963438e-01	2.127035e-01	7.880185e-02	1.938713e-01	-1.150694e-01	1.544704e-01	-8.179863e-03	8.631954e-04	8.276643e-03	5.001517e-03	3.275126e-03
76            	4.090701e-01	1.964280e-01	2.126420e-01	7.869254e-02	1.940073e-01	-1.153147e-01	1.546610e-01	-8.106992e-03	1.014829e-03	8.040689e-03	5.035173e-03	3.005516e-03
77            	4.093013e-01	1.965146e-01	2.127866e-01	7.848118e-02	1.941830e-01	-1.157018e-01	1.549424e-01	-8.136003e-03	1.131198e-03	7.982276e-03	5.122336e-03	2.859940e-03
78            	4.097014e-01	1.965996e-01	2.131018e-01	7.823819e-02	1.944201e-01	-1.161819e-01	1.553010e-01	-8.251119e-03	1.210365e-03	8.105914e-03	5.263322e-03	2.842592e-03
79            	4.101476e-01	1.966936e-01	2.134540e-01	7.783725e-02	1.945859e-01	-1.167486e-01	1.556672e-01	-8.380168e-03	1.274260e-03	8.320254e-03	5.434387e-03	2.885867e-03
80            	4.106305e-01	1.967807e-01	2.138498e-01	7.745566e-02	1.947186e-01	-1.172629e-01	1.559907e-01	-8.534541e-03	1.312598e-03	8.666320e-03	5.645758e-03	3.020563e-03
81            	4.111094e-01	1.969078e-01	2.142016e-01	7.707874e-02	1.947447e-01	-1.176659e-01	1.562053e-01	-8.646938e-03	1.355654e-03	9.015700e-03	5.863505e-03	3.152196e-03
82            	4.115004e-01	1.970351e-01	2.144654e-01	7.684513e-02	1.946863e-01	-1.178412e-01	1.562637e-01	-8.715143e-03	1.411493e-03	9.347955e-03	6.085470e-03	3.262485e-03
83            	4.118442e-01	1.972149e-01	2.146293e-01	7.673450e-02	1.945912e-01	-1.178567e-01	1.562240e-01	-8.707231e-03	1.471785e-03	9.587576e-03	6.265573e-03	3.322003e-03
84            	4.121271e-01	1.973764e-01	2.147508e-01	7.679510e-02	1.944905e-01	-1.176954e-01	1.560929e-01	-8.687207e-03	1.511156e-03	9.829508e-03	6.425910e-03	3.403599e-03
85            	4.123464e-01	1.975813e-01	2.147651e-01	7.698296e-02	1.943964e-01	-1.174134e-01	1.559049e-01	-8.591925e-03	1.532775e-03	9.908399e-03	6.486974e-03	3.421425e-03
86            	4.125456e-01	1.978028e-01	2.147428e-01	7.720638e-02	1.943276e-01	-1.171212e-01	1.557244e-01	-8.469994e-03	1.492187e-03	9.911411e-03	6.447892e-03	3.463519e-03
87            	4.127938e-01	1.980999e-01	2.146939e-01	7.748401e-02	1.943571e-01	-1.168731e-01	1.556151e-01	-8.296975e-03	1.376922e-03	9.763478e-03	6.258660e-03	3.504817e-03
88            	4.130323e-01	1.983996e-01	2.146327e-01	7.775835e-02	1.944238e-01	-1.166654e-01	1.555446e-01	-8.116566e-03	1.173872e-03	9.574619e-03	5.961181e-03	3.613437e-03
89            	4.133562e-01	1.987690e-01	2.145871e-01	7.803198e-02	1.945818e-01	-1.165498e-01	1.555658e-01	-7.909050e-03	9.238244e-04	9.276813e-03	5.562231e-03	3.714582e-03
90            	4.136840e-01	1.990814e-01	2.146026e-01	7.825247e-02	1.947853e-01	-1.165328e-01	1.556590e-01	-7.760643e-03	6.460640e-04	9.088138e-03	5.190133e-03	3.898005e-03
91            	4.141110e-01	1.994003e-01	2.147108e-01	7.838354e-02	1.950259e-01	-1.166424e-01	1.558342e-01	-7.655250e-03	3.860252e-04	8.961114e-03	4.866582e-03	4.094532e-03
92            	4.144535e-01	1.996021e-01	2.148514e-01	7.835957e-02	1.951827e-01	-1.168232e-01	1.560030e-01	-7.624632e-03	1.480749e-04	9.008494e-03	4.652322e-03	4.356172e-03
93            	4.148455e-01	1.997924e-01	2.150531e-01	7.822576e-02	1.953450e-01	-1.171193e-01	1.562322e-01	-7.630379e-03	-4.281987e-05	9.142946e-03	4.528653e-03	4.614293e-03
94            	4.151283e-01	1.999134e-01	2.152148e-01	7.791697e-02	1.953940e-01	-1.174770e-01	1.564355e-01	-7.650692e-03	-1.757579e-04	9.352639e-03	4.500562e-03	4.852078e-03
95            	4.153558e-01	2.000069e-01	2.153489e-01	7.752194e-02	1.953751e-01	-1.178531e-01	1.566141e-01	-7.671010e-03	-2.507998e-04	9.589092e-03	4.543746e-03	5.045346e-03
96            	4.153568e-01	1.999863e-01	2.153705e-01	7.706531e-02	1.952227e-01	-1.181574e-01	1.566900e-01	-7.692099e-03	-2.724633e-04	9.857703e-03	4.656388e-03	5.201315e-03
97            	4.152995e-01	1.999458e-01	2.153537e-01	7.662986e-02	1.950468e-01	-1.184170e-01	1.567319e-01	-7.703936e-03	-2.443999e-04	1.009465e-02	4.802924e-03	5.291723e-03
98            	4.150614e-01	1.997958e-01	2.152656e-01	7.617952e-02	1.947559e-01	-1.185764e-01	1.566662e-01	-7.734931e-03	-1.937443e-04	1.035187e-02	4.982190e-03	5.369678e-03
99            	4.147990e-01	1.996401e-01	2.151589e-01	7.587574e-02	1.945345e-01	-1.186588e-01	1.565966e-01	-7.759364e-03	-1.227301e-04	1.054196e-02	5.148249e-03	5.393709e-03
100           	4.144546e-01	1.993980e-01	2.150566e-01	7.560866e-02	1.942660e-01	-1.186573e-01	1.564616e-01	-7.829330e-03	-7.067091e-05	1.077572e-02	5.317190e-03	5.458532e-03
101           	4.141432e-01	1.991855e-01	2.149577e-01	7.552634e-02	1.940974e-01	-1.185711e-01	1.563343e-01	-7.886092e-03	-3.255412e-05	1.089658e-02	5.415738e-03	5.480846e-03
102           	4.138456e-01	1.989548e-01	2.148908e-01	7.556374e-02	1.939995e-01	-1.184358e-01	1.562176e-01	-7.968026e-03	-4.062569e-05	1.098182e-02	5.450287e-03	5.531538e-03
103           	4.136344e-01	1.987872e-01	2.148472e-01	7.570590e-02	1.939878e-01	-1.182819e-01	1.561349e-01	-8.029970e-03	-8.022858e-05	1.093178e-02	5.385660e-03	5.546117e-03
104           	4.134421e-01	1.986007e-01	2.148414e-01	7.586023e-02	1.939919e-01	-1.181316e-01	1.560617e-01	-8.120357e-03	-1.693767e-04	1.089681e-02	5.279026e-03	5.617779e-03
105           	4.133413e-01	1.984628e-01	2.148785e-01	7.606595e-02	1.940777e-01	-1.180118e-01	1.560448e-01	-8.207830e-03	-2.513757e-04	1.082441e-02	5.160830e-03	5.663581e-03
106           	4.132414e-01	1.982734e-01	2.149680e-01	7.618998e-02	1.941304e-01	-1.179404e-01	1.560354e-01	-8.347327e-03	-3.076723e-04	1.087123e-02	5.127942e-03	5.743287e-03
107           	4.131741e-01	1.980639e-01	2.151102e-01	7.625073e-02	1.941657e-01	-1.179150e-01	1.560403e-01	-8.523173e-03	-3.030111e-04	1.100827e-02	5.201122e-03	5.807144e-03
108           	4.130274e-01	1.977544e-01	2.152730e-01	7.619692e-02	1.941331e-01	-1.179361e-01	1.560346e-01	-8.759268e-03	-2.518657e-04	1.131659e-02	5.406431e-03	5.910162e-03
109           	4.129059e-01	1.974346e-01	2.154713e-01	7.606892e-02	1.940726e-01	-1.180037e-01	1.560381e-01	-9.018360e-03	-1.614384e-04	1.170219e-02	5.689657e-03	6.012533e-03
110           	4.127094e-01	1.970753e-01	2.156341e-01	7.582334e-02	1.939296e-01	-1.181063e-01	1.560180e-01	-9.279418e-03	-4.063490e-05	1.212775e-02	6.023241e-03	6.104511e-03
111           	4.125125e-01	1.967713e-01	2.157412e-01	7.552911e-02	1.937313e-01	-1.182022e-01	1.559668e-01	-9.484922e-03	8.133035e-05	1.247067e-02	6.316664e-03	6.154004e-03
112           	4.122979e-01	1.965109e-01	2.157870e-01	7.521391e-02	1.935391e-01	-1.183252e-01	1.559322e-01	-9.638079e-03	1.702006e-04	1.274459e-02	6.542495e-03	6.202094e-03
113           	4.121692e-01	1.963954e-01	2.157738e-01	7.495604e-02	1.933818e-01	-1.184258e-01	1.559038e-01	-9.689209e-03	2.148114e-04	1.283115e-02	6.630388e-03	6.200765e-03
114           	4.120450e-01	1.963768e-01	2.156682e-01	7.473604e-02	1.932332e-01	-1.184971e-01	1.558651e-01	-9.645728e-03	2.214766e-04	1.274649e-02	6.594719e-03	6.151766e-03
115           	4.119694e-01	1.964781e-01	2.154913e-01	7.461211e-02	1.931121e-01	-1.185000e-01	1.558060e-01	-9.506610e-03	1.946077e-04	1.247399e-02	6.431604e-03	6.042388e-03
116           	4.119203e-01	1.966431e-01	2.152772e-01	7.454528e-02	1.930299e-01	-1.184846e-01	1.557572e-01	-9.317078e-03	1.459535e-04	1.211459e-02	6.203246e-03	5.911339e-03
117           	4.119452e-01	1.968813e-01	2.150639e-01	7.458763e-02	1.930139e-01	-1.184263e-01	1.557201e-01	-9.091318e-03	9.023994e-05	1.167410e-02	5.927289e-03	5.746809e-03
118           	4.119695e-01	1.970718e-01	2.148977e-01	7.459454e-02	1.929844e-01	-1.183898e-01	1.556871e-01	-8.912939e-03	4.174696e-05	1.131688e-02	5.700189e-03	5.616695e-03
119           	4.119893e-01	1.972483e-01	2.147409e-01	7.459089e-02	1.929470e-01	-1.183561e-01	1.556515e-01	-8.746293e-03	7.690013e-06	1.097398e-02	5.494682e-03	5.479302e-03
120           	4.119950e-01	1.973493e-01	2.146457e-01	7.452771e-02	1.928971e-01	-1.183694e-01	1.556333e-01	-8.648181e-03	-1.756760e-05	1.077010e-02	5.367481e-03	5.402617e-03
121           	4.119704e-01	1.974090e-01	2.145615e-01	7.443337e-02	1.928257e-01	-1.183924e-01	1.556091e-01	-8.576246e-03	-2.470096e-05	1.063581e-02	5.293205e-03	5.342607e-03
122           	4.119322e-01	1.974062e-01	2.145261e-01	7.423939e-02	1.926995e-01	-1.184601e-01	1.555798e-01	-8.559938e-03	-2.332118e-05	1.061145e-02	5.282406e-03	5.329048e-03
123           	4.118085e-01	1.973899e-01	2.144187e-01	7.405105e-02	1.925413e-01	-1.184902e-01	1.555157e-01	-8.514384e-03	-1.589065e-05	1.052769e-02	5.247956e-03	5.279737e-03
124           	4.117071e-01	1.973534e-01	2.143536e-01	7.388183e-02	1.924007e-01	-1.185188e-01	1.554597e-01	-8.500123e-03	-3.146381e-05	1.050160e-02	5.219338e-03	5.282266e-03
125           	4.115646e-01	1.973851e-01	2.141795e-01	7.365467e-02	1.922074e-01	-1.185527e-01	1.553801e-01	-8.397188e-03	-6.279333e-05	1.030347e-02	5.088941e-03	5.214527e-03
126           	4.114291e-01	1.973720e-01	2.140570e-01	7.356338e-02	1.920671e-01	-1.185037e-01	1.552854e-01	-8.342503e-03	-9.951294e-05	1.016900e-02	4.984986e-03	5.184012e-03
127           	4.112942e-01	1.974147e-01	2.138796e-01	7.350107e-02	1.919558e-01	-1.184547e-01	1.552053e-01	-8.232452e-03	-1.545982e-04	9.933217e-03	4.812010e-03	5.121207e-03
128           	4.111825e-01	1.974811e-01	2.137014e-01	7.347358e-02	1.918644e-01	-1.183908e-01	1.551276e-01	-8.110122e-03	-2.192479e-04	9.658400e-03	4.609952e-03	5.048448e-03
129           	4.110422e-01	1.975744e-01	2.134678e-01	7.344921e-02	1.917723e-01	-1.183231e-01	1.550477e-01	-7.946724e-03	-2.942318e-04	9.310200e-03	4.360868e-03	4.949332e-03
130           	4.109911e-01	1.976147e-01	2.133764e-01	7.352476e-02	1.917766e-01	-1.182519e-01	1.550142e-01	-7.880870e-03	-3.270731e-04	9.141098e-03	4.243476e-03	4.897622e-03
131           	4.109257e-01	1.976779e-01	2.132478e-01	7.355930e-02	1.917808e-01	-1.182215e-01	1.550012e-01	-7.784975e-03	-3.626557e-04	8.931456e-03	4.103072e-03	4.828384e-03
132           	4.109291e-01	1.977172e-01	2.132119e-01	7.358531e-02	1.918153e-01	-1.182300e-01	1.550226e-01	-7.747347e-03	-3.671531e-04	8.846626e-03	4.056160e-03	4.790466e-03
133           	4.109220e-01	1.977351e-01	2.131870e-01	7.358063e-02	1.918566e-01	-1.182759e-01	1.550663e-01	-7.725957e-03	-3.685701e-04	8.817824e-03	4.040342e-03	4.777482e-03
134           	4.109150e-01	1.977338e-01	2.131812e-01	7.353434e-02	1.918862e-01	-1.183519e-01	1.551191e-01	-7.723702e-03	-3.501698e-04	8.828066e-03	4.063863e-03	4.764203e-03
135           	4.108789e-01	1.977294e-01	2.131495e-01	7.345922e-02	1.918945e-01	-1.184353e-01	1.551649e-01	-7.710036e-03	-3.352591e-04	8.845160e-03	4.087321e-03	4.757839e-03
136           	4.108408e-01	1.977030e-01	2.131378e-01	7.332527e-02	1.918716e-01	-1.185463e-01	1.552089e-01	-7.717397e-03	-3.240620e-04	8.924304e-03	4.138090e-03	4.786214e-03
137           	4.108059e-01	1.977052e-01	2.131007e-01	7.321630e-02	1.918805e-01	-1.186642e-01	1.552723e-01	-7.697733e-03	-3.312969e-04	8.960395e-03	4.148901e-03	4.811495e-03
138           	4.107689e-01	1.977278e-01	2.130411e-01	7.307887e-02	1.918551e-01	-1.187763e-01	1.553157e-01	-7.656691e-03	-3.474213e-04	8.963696e-03	4.134427e-03	4.829269e-03
139           	4.107211e-01	1.977701e-01	2.129510e-01	7.300454e-02	1.918599e-01	-1.188553e-01	1.553576e-01	-7.590461e-03	-3.812643e-04	8.924029e-03	4.080750e-03	4.843279e-03
140           	4.106672e-01	1.978299e-01	2.128374e-01	7.292489e-02	1.918489e-01	-1.189240e-01	1.553865e-01	-7.503765e-03	-4.352080e-04	8.852942e-03	3.991263e-03	4.861679e-03
141           	4.106644e-01	1.979317e-01	2.127327e-01	7.292449e-02	1.919183e-01	-1.189938e-01	1.554561e-01	-7.400504e-03	-4.885166e-04	8.735509e-03	3.879238e-03	4.856271e-03
142           	4.106384e-01	1.980168e-01	2.126215e-01	7.290127e-02	1.919468e-01	-1.190455e-01	1.554962e-01	-7.302358e-03	-5.499086e-04	8.642319e-03	3.771251e-03	4.871068e-03
143           	4.106429e-01	1.981204e-01	2.125225e-01	7.293821e-02	1.920328e-01	-1.190946e-01	1.555637e-01	-7.201049e-03	-5.972318e-04	8.529757e-03	3.667647e-03	4.862110e-03
144           	4.106224e-01	1.981757e-01	2.124467e-01	7.293267e-02	1.920769e-01	-1.191442e-01	1.556106e-01	-7.135491e-03	-6.520120e-04	8.504251e-03	3.600113e-03	4.904137e-03
145           	4.106471e-01	1.982414e-01	2.124056e-01	7.297628e-02	1.921748e-01	-1.191985e-01	1.556866e-01	-7.082116e-03	-6.827506e-04	8.485807e-03	3.560153e-03	4.925654e-03
146           	4.106249e-01	1.982469e-01	2.123780e-01	7.293168e-02	1.921813e-01	-1.192496e-01	1.557154e-01	-7.065525e-03	-7.099086e-04	8.545506e-03	3.562844e-03	4.982661e-03
147           	4.106252e-01	1.982530e-01	2.123722e-01	7.293760e-02	1.922447e-01	-1.193071e-01	1.557759e-01	-7.059612e-03	-7.151838e-04	8.596323e-03	3.582978e-03	5.013345e-03
148           	4.105999e-01	1.982101e-01	2.123898e-01	7.285876e-02	1.922292e-01	-1.193704e-01	1.557998e-01	-7.089870e-03	-7.325047e-04	8.728405e-03	3.631698e-03	5.096707e-03
149           	4.105961e-01	1.981850e-01	2.124111e-01	7.281926e-02	1.922508e-01	-1.194316e-01	1.558412e-01	-7.113048e-03	-7.432853e-04	8.813781e-03	3.663605e-03	5.150176e-03
150           	4.105571e-01	1.981140e-01	2.124432e-01	7.270309e-02	1.921874e-01	-1.194843e-01	1.558359e-01	-7.164590e-03	-7.647176e-04	8.959320e-03	3.714942e-03	5.244378e-03
151           	4.105646e-01	1.980672e-01	2.124974e-01	7.264876e-02	1.921947e-01	-1.195459e-01	1.558703e-01	-7.215123e-03	-7.840855e-04	9.069289e-03	3.750559e-03	5.318730e-03
152           	4.105138e-01	1.979688e-01	2.125451e-01	7.252360e-02	1.921147e-01	-1.195911e-01	1.558529e-01	-7.288149e-03	-8.237748e-04	9.236157e-03	3.794304e-03	5.441853e-03
153           	4.105382e-01	1.979066e-01	2.126316e-01	7.241928e-02	1.920794e-01	-1.196601e-01	1.558697e-01	-7.362481e-03	-8.690516e-04	9.383887e-03	3.822892e-03	5.560995e-03
154           	4.104931e-01	1.978029e-01	2.126902e-01	7.231979e-02	1.920082e-01	-1.196884e-01	1.558483e-01	-7.443628e-03	-9.121559e-04	9.548024e-03	3.861856e-03	5.686168e-03
155           	4.105103e-01	1.977211e-01	2.127891e-01	7.224817e-02	1.919939e-01	-1.197457e-01	1.558698e-01	-7.533999e-03	-9.476955e-04	9.718603e-03	3.911606e-03	5.806997e-03
156           	4.104803e-01	1.975913e-01	2.128890e-01	7.213264e-02	1.919175e-01	-1.197849e-01	1.558512e-01	-7.648811e-03	-9.834079e-04	9.953033e-03	3.993108e-03	5.959924e-03
157           	4.104865e-01	1.974723e-01	2.130143e-01	7.205188e-02	1.918897e-01	-1.198379e-01	1.558638e-01	-7.771002e-03	-1.003339e-03	1.018922e-02	4.091271e-03	6.097949e-03
158           	4.104518e-01	1.973080e-01	2.131438e-01	7.194145e-02	1.918286e-01	-1.198872e-01	1.558579e-01	-7.917868e-03	-1.012112e-03	1.048447e-02	4.230125e-03	6.254349e-03
159           	4.104540e-01	1.971564e-01	2.132976e-01	7.183815e-02	1.918036e-01	-1.199655e-01	1.558845e-01	-8.070594e-03	-9.973059e-04	1.076695e-02	4.386170e-03	6.380781e-03
160           	4.103773e-01	1.969487e-01	2.134287e-01	7.169263e-02	1.917086e-01	-1.200159e-01	1.558623e-01	-8.239999e-03	-9.763047e-04	1.109335e-02	4.570372e-03	6.522982e-03
161           	4.103536e-01	1.967486e-01	2.136050e-01	7.156724e-02	1.916659e-01	-1.200987e-01	1.558823e-01	-8.428172e-03	-9.440091e-04	1.144412e-02	4.778052e-03	6.666070e-03
162           	4.102900e-01	1.965191e-01	2.137708e-01	7.142186e-02	1.915876e-01	-1.201657e-01	1.558766e-01	-8.625863e-03	-9.072002e-04	1.181070e-02	4.998148e-03	6.812549e-03
163           	4.102791e-01	1.963326e-01	2.139465e-01	7.128276e-02	1.915403e-01	-1.202576e-01	1.558989e-01	-8.806974e-03	-8.566419e-04	1.212148e-02	5.204100e-03	6.917384e-03
164           	4.102115e-01	1.961080e-01	2.141035e-01	7.112500e-02	1.914462e-01	-1.203212e-01	1.558837e-01	-8.997714e-03	-8.108381e-04	1.244514e-02	5.411730e-03	7.033406e-03
165           	4.101738e-01	1.958860e-01	2.142878e-01	7.100929e-02	1.914092e-01	-1.203999e-01	1.559045e-01	-9.200932e-03	-7.563264e-04	1.278656e-02	5.636952e-03	7.149605e-03
166           	4.102014e-01	1.957462e-01	2.144552e-01	7.092745e-02	1.913918e-01	-1.204644e-01	1.559281e-01	-9.354525e-03	-7.060958e-04	1.302539e-02	5.806599e-03	7.218791e-03
167           	4.102195e-01	1.955607e-01	2.146588e-01	7.084165e-02	1.913782e-01	-1.205366e-01	1.559574e-01	-9.549022e-03	-6.361372e-04	1.333744e-02	6.032584e-03	7.304858e-03
168           	4.102742e-01	1.954335e-01	2.148407e-01	7.080372e-02	1.913944e-01	-1.205906e-01	1.559925e-01	-9.703589e-03	-5.783860e-04	1.357805e-02	6.210641e-03	7.367413e-03
169           	4.103391e-01	1.952856e-01	2.150535e-01	7.075767e-02	1.914210e-01	-1.206633e-01	1.560422e-01	-9.883924e-03	-4.984689e-04	1.386382e-02	6.433440e-03	7.430377e-03
170           	4.104482e-01	1.951881e-01	2.152601e-01	7.074490e-02	1.914727e-01	-1.207278e-01	1.561002e-01	-1.003602e-02	-4.198535e-04	1.409216e-02	6.626227e-03	7.465934e-03
171           	4.104954e-01	1.950347e-01	2.154607e-01	7.070662e-02	1.914868e-01	-1.207802e-01	1.561335e-01	-1.021301e-02	-3.207643e-04	1.437621e-02	6.867342e-03	7.508871e-03
172           	4.105957e-01	1.949097e-01	2.156859e-01	7.071657e-02	1.915481e-01	-1.208315e-01	1.561898e-01	-1.038810e-02	-2.234240e-04	1.466629e-02	7.109721e-03	7.556569e-03
173           	4.107046e-01	1.947888e-01	2.159158e-01	7.070360e-02	1.916067e-01	-1.209031e-01	1.562549e-01	-1.056354e-02	-1.294924e-04	1.497530e-02	7.358159e-03	7.617144e-03
174           	4.108553e-01	1.946948e-01	2.161605e-01	7.071924e-02	1.916843e-01	-1.209651e-01	1.563247e-01	-1.073282e-02	-3.041176e-05	1.525887e-02	7.599022e-03	7.659846e-03
175           	4.109579e-01	1.945980e-01	2.163599e-01	7.071488e-02	1.917302e-01	-1.210154e-01	1.563728e-01	-1.088097e-02	6.470510e-05	1.551603e-02	7.822723e-03	7.693312e-03
176           	4.110925e-01	1.945166e-01	2.165760e-01	7.074220e-02	1.917972e-01	-1.210550e-01	1.564261e-01	-1.102972e-02	1.538254e-04	1.577355e-02	8.040599e-03	7.732948e-03
177           	4.112277e-01	1.944673e-01	2.167603e-01	7.078774e-02	1.918934e-01	-1.211057e-01	1.564996e-01	-1.114651e-02	2.340666e-04	1.597815e-02	8.223141e-03	7.755008e-03
178           	4.114047e-01	1.944341e-01	2.169706e-01	7.083551e-02	1.919892e-01	-1.211537e-01	1.565714e-01	-1.126827e-02	3.062507e-04	1.618714e-02	8.399823e-03	7.787322e-03
179           	4.115602e-01	1.944286e-01	2.171317e-01	7.088695e-02	1.920958e-01	-1.212088e-01	1.566523e-01	-1.135156e-02	3.737084e-04	1.632605e-02	8.536732e-03	7.789315e-03
180           	4.117312e-01	1.944157e-01	2.173154e-01	7.094359e-02	1.922094e-01	-1.212658e-01	1.567376e-01	-1.144986e-02	4.196500e-04	1.648630e-02	8.662802e-03	7.823502e-03
181           	4.119032e-01	1.944390e-01	2.174642e-01	7.102638e-02	1.923652e-01	-1.213388e-01	1.568520e-01	-1.151261e-02	4.707993e-04	1.658553e-02	8.763562e-03	7.821963e-03
182           	4.120623e-01	1.944356e-01	2.176267e-01	7.104421e-02	1.924517e-01	-1.214075e-01	1.569296e-01	-1.159557e-02	5.203376e-04	1.672153e-02	8.881104e-03	7.840429e-03
183           	4.122222e-01	1.944539e-01	2.177683e-01	7.112494e-02	1.926210e-01	-1.214960e-01	1.570585e-01	-1.165720e-02	5.759535e-04	1.681606e-02	8.983981e-03	7.832074e-03
184           	4.124036e-01	1.944569e-01	2.179467e-01	7.112052e-02	1.927248e-01	-1.216043e-01	1.571645e-01	-1.174490e-02	6.243412e-04	1.697071e-02	9.109695e-03	7.861013e-03
185           	4.125590e-01	1.944744e-01	2.180846e-01	7.114587e-02	1.928624e-01	-1.217165e-01	1.572894e-01	-1.180507e-02	6.800752e-04	1.705710e-02	9.208628e-03	7.848477e-03
186           	4.126884e-01	1.944716e-01	2.182168e-01	7.113569e-02	1.929588e-01	-1.218231e-01	1.573910e-01	-1.187257e-02	7.362842e-04	1.716266e-02	9.317612e-03	7.845043e-03
187           	4.128479e-01	1.944928e-01	2.183552e-01	7.116124e-02	1.931185e-01	-1.219573e-01	1.575379e-01	-1.193119e-02	7.983932e-04	1.725428e-02	9.425533e-03	7.828746e-03
188           	4.129985e-01	1.945121e-01	2.184863e-01	7.111166e-02	1.932108e-01	-1.220992e-01	1.576550e-01	-1.198710e-02	8.551202e-04	1.734915e-02	9.529693e-03	7.819453e-03
189           	4.131462e-01	1.945343e-01	2.186119e-01	7.110486e-02	1.933413e-01	-1.222365e-01	1.577889e-01	-1.203877e-02	9.021512e-04	1.742738e-02	9.615843e-03	7.811541e-03
190           	4.132975e-01	1.945588e-01	2.187388e-01	7.106621e-02	1.934537e-01	-1.223875e-01	1.579206e-01	-1.208998e-02	9.478132e-04	1.750428e-02	9.699952e-03	7.804326e-03
191           	4.134483e-01	1.945945e-01	2.188538e-01	7.106108e-02	1.935929e-01	-1.225318e-01	1.580624e-01	-1.212968e-02	9.977305e-04	1.755267e-02	9.774067e-03	7.778606e-03
192           	4.136197e-01	1.946183e-01	2.190014e-01	7.098806e-02	1.936874e-01	-1.226994e-01	1.581934e-01	-1.219159e-02	1.038615e-03	1.766272e-02	9.869974e-03	7.792744e-03
193           	4.137775e-01	1.946433e-01	2.191342e-01	7.097007e-02	1.938324e-01	-1.228624e-01	1.583474e-01	-1.224548e-02	1.082643e-03	1.774922e-02	9.957253e-03	7.791967e-03
194           	4.139515e-01	1.946592e-01	2.192923e-01	7.089467e-02	1.939391e-01	-1.230445e-01	1.584918e-01	-1.231654e-02	1.132137e-03	1.787206e-02	1.006817e-02	7.803894e-03
195           	4.140925e-01	1.946657e-01	2.194267e-01	7.083431e-02	1.940554e-01	-1.232211e-01	1.586382e-01	-1.238050e-02	1.183947e-03	1.797760e-02	1.017275e-02	7.804852e-03
196           	4.142495e-01	1.946622e-01	2.195873e-01	7.072477e-02	1.941405e-01	-1.234157e-01	1.587781e-01	-1.246258e-02	1.227638e-03	1.813258e-02	1.029393e-02	7.838653e-03
197           	4.143769e-01	1.946590e-01	2.197180e-01	7.065197e-02	1.942481e-01	-1.235961e-01	1.589221e-01	-1.252949e-02	1.275389e-03	1.825537e-02	1.040308e-02	7.852297e-03
198           	4.145487e-01	1.946519e-01	2.198969e-01	7.055125e-02	1.943443e-01	-1.237930e-01	1.590687e-01	-1.262250e-02	1.321061e-03	1.842528e-02	1.053370e-02	7.891577e-03
199           	4.146498e-01	1.946373e-01	2.200125e-01	7.044842e-02	1.944156e-01	-1.239671e-01	1.591913e-01	-1.268762e-02	1.365152e-03	1.853859e-02	1.063445e-02	7.904144e-03
200           	4.147981e-01	1.946298e-01	2.201683e-01	7.036819e-02	1.945141e-01	-1.241459e-01	1.593300e-01	-1.276926e-02	1.393644e-03	1.868182e-02	1.073455e-02	7.947265e-03
201           	4.149152e-01	1.946236e-01	2.202915e-01	7.027006e-02	1.945899e-01	-1.243198e-01	1.594549e-01	-1.283395e-02	1.413602e-03	1.879983e-02	1.081352e-02	7.986312e-03
202           	4.150527e-01	1.946095e-01	2.204431e-01	7.021323e-02	1.946914e-01	-1.244781e-01	1.595847e-01	-1.291681e-02	1.431032e-03	1.893757e-02	1.089981e-02	8.037751e-03
203           	4.151221e-01	1.945829e-01	2.205392e-01	7.013557e-02	1.947457e-01	-1.246101e-01	1.596779e-01	-1.297814e-02	1.444688e-03	1.905242e-02	1.097090e-02	8.081524e-03
204           	4.152460e-01	1.945668e-01	2.206792e-01	7.009825e-02	1.948383e-01	-1.247400e-01	1.597892e-01	-1.305621e-02	1.450256e-03	1.919403e-02	1.104727e-02	8.146759e-03
205           	4.153334e-01	1.945564e-01	2.207770e-01	7.004965e-02	1.949140e-01	-1.248643e-01	1.598892e-01	-1.311033e-02	1.446431e-03	1.929949e-02	1.109617e-02	8.203313e-03
206           	4.154501e-01	1.945491e-01	2.209010e-01	7.001264e-02	1.949818e-01	-1.249692e-01	1.599755e-01	-1.317594e-02	1.449765e-03	1.941777e-02	1.115865e-02	8.259118e-03
207           	4.155379e-01	1.945396e-01	2.209983e-01	6.997138e-02	1.950497e-01	-1.250783e-01	1.600640e-01	-1.322938e-02	1.454906e-03	1.952590e-02	1.121785e-02	8.308043e-03
208           	4.156436e-01	1.945319e-01	2.211117e-01	6.996513e-02	1.951277e-01	-1.251626e-01	1.601452e-01	-1.328988e-02	1.469143e-03	1.964465e-02	1.129147e-02	8.353183e-03
209           	4.157259e-01	1.945170e-01	2.212088e-01	6.992298e-02	1.951789e-01	-1.252560e-01	1.602175e-01	-1.334590e-02	1.476751e-03	1.976871e-02	1.136111e-02	8.407605e-03
210           	4.158353e-01	1.945069e-01	2.213284e-01	6.989065e-02	1.952218e-01	-1.253311e-01	1.602764e-01	-1.341073e-02	1.492363e-03	1.989944e-02	1.144208e-02	8.457355e-03
211           	4.159095e-01	1.945027e-01	2.214068e-01	6.989249e-02	1.952870e-01	-1.253945e-01	1.603408e-01	-1.345207e-02	1.501039e-03	1.998681e-02	1.149444e-02	8.492367e-03
212           	4.159961e-01	1.944943e-01	2.215019e-01	6.986017e-02	1.953142e-01	-1.254541e-01	1.603841e-01	-1.350380e-02	1.505982e-03	2.008215e-02	1.154706e-02	8.535094e-03
213           	4.160437e-01	1.944797e-01	2.215641e-01	6.984119e-02	1.953368e-01	-1.254956e-01	1.604162e-01	-1.354221e-02	1.503119e-03	2.016089e-02	1.158356e-02	8.577326e-03
214           	4.161201e-01	1.944814e-01	2.216387e-01	6.981494e-02	1.953576e-01	-1.255427e-01	1.604501e-01	-1.357867e-02	1.505828e-03	2.023405e-02	1.162285e-02	8.611198e-03
215           	4.161787e-01	1.944833e-01	2.216954e-01	6.984668e-02	1.954136e-01	-1.255669e-01	1.604902e-01	-1.360608e-02	1.496385e-03	2.028716e-02	1.163996e-02	8.647194e-03
216           	4.162254e-01	1.944909e-01	2.217346e-01	6.978509e-02	1.953865e-01	-1.256014e-01	1.604940e-01	-1.362185e-02	1.484552e-03	2.031960e-02	1.164435e-02	8.675247e-03
217           	4.162671e-01	1.945086e-01	2.217584e-01	6.981909e-02	1.954306e-01	-1.256115e-01	1.605210e-01	-1.362490e-02	1.470745e-03	2.032227e-02	1.163188e-02	8.690388e-03
218           	4.162873e-01	1.945138e-01	2.217735e-01	6.978885e-02	1.954113e-01	-1.256225e-01	1.605169e-01	-1.362984e-02	1.463948e-03	2.032577e-02	1.162683e-02	8.698936e-03
219           	4.163469e-01	1.945425e-01	2.218044e-01	6.981587e-02	1.954640e-01	-1.256481e-01	1.605561e-01	-1.363097e-02	1.461606e-03	2.032201e-02	1.162261e-02	8.699398e-03
220           	4.163872e-01	1.945495e-01	2.218377e-01	6.977425e-02	1.954522e-01	-1.256780e-01	1.605651e-01	-1.364413e-02	1.449742e-03	2.035047e-02	1.162497e-02	8.725491e-03
221           	4.164350e-01	1.945833e-01	2.218517e-01	6.981176e-02	1.955022e-01	-1.256904e-01	1.605963e-01	-1.363422e-02	1.444332e-03	2.032554e-02	1.160710e-02	8.718439e-03
222           	4.164595e-01	1.945962e-01	2.218632e-01	6.979673e-02	1.954999e-01	-1.257031e-01	1.606015e-01	-1.363350e-02	1.437339e-03	2.031722e-02	1.159595e-02	8.721270e-03
223           	4.165219e-01	1.946289e-01	2.218930e-01	6.982147e-02	1.955541e-01	-1.257327e-01	1.606434e-01	-1.363208e-02	1.433624e-03	2.029538e-02	1.158132e-02	8.714069e-03
224           	4.165237e-01	1.946266e-01	2.218971e-01	6.978819e-02	1.955279e-01	-1.257397e-01	1.606338e-01	-1.363525e-02	1.423911e-03	2.029383e-02	1.157082e-02	8.723001e-03
225           	4.165699e-01	1.946556e-01	2.219144e-01	6.981298e-02	1.955781e-01	-1.257651e-01	1.606716e-01	-1.362940e-02	1.411656e-03	2.026170e-02	1.154250e-02	8.719193e-03
226           	4.166091e-01	1.946820e-01	2.219271e-01	6.979913e-02	1.955916e-01	-1.257924e-01	1.606920e-01	-1.362253e-02	1.392536e-03	2.023155e-02	1.150831e-02	8.723236e-03
227           	4.166449e-01	1.947267e-01	2.219182e-01	6.981708e-02	1.956251e-01	-1.258081e-01	1.607166e-01	-1.359574e-02	1.372750e-03	2.014579e-02	1.144565e-02	8.700146e-03
228           	4.166511e-01	1.947426e-01	2.219085e-01	6.980872e-02	1.956380e-01	-1.258293e-01	1.607336e-01	-1.358298e-02	1.346198e-03	2.010696e-02	1.139968e-02	8.707280e-03
229           	4.167069e-01	1.947951e-01	2.219118e-01	6.983478e-02	1.956981e-01	-1.258633e-01	1.607807e-01	-1.355835e-02	1.325906e-03	2.003303e-02	1.134242e-02	8.690608e-03
230           	4.167344e-01	1.948162e-01	2.219183e-01	6.981760e-02	1.957158e-01	-1.258982e-01	1.608070e-01	-1.355104e-02	1.305485e-03	1.999801e-02	1.130449e-02	8.693519e-03
231           	4.167452e-01	1.948356e-01	2.219096e-01	6.980430e-02	1.957334e-01	-1.259291e-01	1.608313e-01	-1.353698e-02	1.287100e-03	1.994114e-02	1.125767e-02	8.683469e-03
232           	4.167605e-01	1.948504e-01	2.219101e-01	6.980479e-02	1.957626e-01	-1.259578e-01	1.608602e-01	-1.352986e-02	1.269563e-03	1.990405e-02	1.122159e-02	8.682463e-03
233           	4.167687e-01	1.948647e-01	2.219040e-01	6.978458e-02	1.957847e-01	-1.260001e-01	1.608924e-01	-1.351963e-02	1.261861e-03	1.986306e-02	1.119339e-02	8.669667e-03
234           	4.168139e-01	1.948664e-01	2.219475e-01	6.974279e-02	1.957914e-01	-1.260486e-01	1.609200e-01	-1.354054e-02	1.257870e-03	1.988903e-02	1.120239e-02	8.686647e-03
235           	4.168029e-01	1.948612e-01	2.219417e-01	6.974249e-02	1.958193e-01	-1.260768e-01	1.609480e-01	-1.354025e-02	1.262988e-03	1.986554e-02	1.119576e-02	8.669785e-03
236           	4.168452e-01	1.948667e-01	2.219785e-01	6.970549e-02	1.958242e-01	-1.261187e-01	1.609714e-01	-1.355590e-02	1.261798e-03	1.987377e-02	1.119868e-02	8.675086e-03
237           	4.168353e-01	1.948695e-01	2.219658e-01	6.968919e-02	1.958286e-01	-1.261394e-01	1.609840e-01	-1.354818e-02	1.262043e-03	1.983818e-02	1.118113e-02	8.657045e-03
238           	4.168921e-01	1.948784e-01	2.220137e-01	6.969611e-02	1.958609e-01	-1.261648e-01	1.610128e-01	-1.356766e-02	1.259654e-03	1.985443e-02	1.118687e-02	8.667561e-03
239           	4.169105e-01	1.948856e-01	2.220249e-01	6.968956e-02	1.958837e-01	-1.261941e-01	1.610389e-01	-1.356962e-02	1.265348e-03	1.984495e-02	1.118782e-02	8.657129e-03
240           	4.169439e-01	1.948862e-01	2.220577e-01	6.965627e-02	1.958770e-01	-1.262207e-01	1.610488e-01	-1.358576e-02	1.266600e-03	1.984766e-02	1.119043e-02	8.657228e-03
241           	4.169568e-01	1.948818e-01	2.220751e-01	6.964798e-02	1.959034e-01	-1.262554e-01	1.610794e-01	-1.359667e-02	1.261999e-03	1.985452e-02	1.118926e-02	8.665261e-03
242           	4.170087e-01	1.948873e-01	2.221214e-01	6.963244e-02	1.959209e-01	-1.262885e-01	1.611047e-01	-1.361705e-02	1.265938e-03	1.987195e-02	1.120191e-02	8.670039e-03
243           	4.170257e-01	1.948778e-01	2.221478e-01	6.960730e-02	1.959382e-01	-1.263309e-01	1.611346e-01	-1.363500e-02	1.276888e-03	1.989619e-02	1.122498e-02	8.671209e-03
244           	4.170575e-01	1.948615e-01	2.221960e-01	6.956480e-02	1.959348e-01	-1.263700e-01	1.611524e-01	-1.366724e-02	1.289620e-03	1.994862e-02	1.126393e-02	8.684690e-03
245           	4.170775e-01	1.948416e-01	2.222359e-01	6.952639e-02	1.959480e-01	-1.264216e-01	1.611848e-01	-1.369715e-02	1.306361e-03	2.000967e-02	1.131119e-02	8.698473e-03
246           	4.171267e-01	1.948350e-01	2.222917e-01	6.948955e-02	1.959619e-01	-1.264723e-01	1.612171e-01	-1.372833e-02	1.334738e-03	2.004784e-02	1.135866e-02	8.689184e-03
247           	4.171442e-01	1.948044e-01	2.223399e-01	6.946038e-02	1.959809e-01	-1.265205e-01	1.612507e-01	-1.376775e-02	1.365826e-03	2.012656e-02	1.142911e-02	8.697454e-03
248           	4.171507e-01	1.947656e-01	2.223851e-01	6.942059e-02	1.959645e-01	-1.265439e-01	1.612542e-01	-1.380975e-02	1.392799e-03	2.020953e-02	1.149756e-02	8.711966e-03
249           	4.171976e-01	1.947426e-01	2.224550e-01	6.942667e-02	1.960178e-01	-1.265911e-01	1.613045e-01	-1.385622e-02	1.417281e-03	2.030325e-02	1.156891e-02	8.734346e-03
250           	4.172271e-01	1.947177e-01	2.225094e-01	6.940127e-02	1.960218e-01	-1.266205e-01	1.613211e-01	-1.389587e-02	1.444906e-03	2.037833e-02	1.163407e-02	8.744257e-03
251           	4.172654e-01	1.946990e-01	2.225664e-01	6.938127e-02	1.960333e-01	-1.266521e-01	1.613427e-01	-1.393371e-02	1.467542e-03	2.045420e-02	1.169464e-02	8.759558e-03
252           	4.172444e-01	1.946492e-01	2.225952e-01	6.938549e-02	1.960308e-01	-1.266453e-01	1.613380e-01	-1.397299e-02	1.484876e-03	2.052432e-02	1.174704e-02	8.777285e-03
253           	4.173113e-01	1.946466e-01	2.226647e-01	6.940127e-02	1.960919e-01	-1.266906e-01	1.613912e-01	-1.400907e-02	1.505108e-03	2.059891e-02	1.180456e-02	8.794348e-03
254           	4.173350e-01	1.946195e-01	2.227155e-01	6.937278e-02	1.960885e-01	-1.267158e-01	1.614022e-01	-1.404801e-02	1.526467e-03	2.068100e-02	1.186697e-02	8.814033e-03
255           	4.173810e-01	1.946026e-01	2.227784e-01	6.935980e-02	1.961068e-01	-1.267470e-01	1.614269e-01	-1.408791e-02	1.551208e-03	2.077087e-02	1.193664e-02	8.834226e-03
256           	4.173539e-01	1.945583e-01	2.227955e-01	6.935951e-02	1.961005e-01	-1.267410e-01	1.614208e-01	-1.411859e-02	1.571171e-03	2.084164e-02	1.199199e-02	8.849648e-03
257           	4.174125e-01	1.945531e-01	2.228594e-01	6.935784e-02	1.961393e-01	-1.267815e-01	1.614604e-01	-1.415312e-02	1.593128e-03	2.092366e-02	1.205496e-02	8.868704e-03
258           	4.174145e-01	1.945184e-01	2.228960e-01	6.932491e-02	1.961205e-01	-1.267956e-01	1.614580e-01	-1.418881e-02	1.619121e-03	2.100044e-02	1.211934e-02	8.881096e-03
259           	4.174498e-01	1.945043e-01	2.229456e-01	6.931981e-02	1.961465e-01	-1.268267e-01	1.614866e-01	-1.422065e-02	1.657770e-03	2.108318e-02	1.219936e-02	8.883821e-03
260           	4.174234e-01	1.944657e-01	2.229577e-01	6.931331e-02	1.961259e-01	-1.268126e-01	1.614692e-01	-1.424603e-02	1.677431e-03	2.115557e-02	1.225521e-02	8.900354e-03
261           	4.174526e-01	1.944449e-01	2.230077e-01	6.931742e-02	1.961531e-01	-1.268357e-01	1.614944e-01	-1.428141e-02	1.697501e-03	2.125310e-02	1.232405e-02	8.929050e-03
262           	4.174698e-01	1.944334e-01	2.230363e-01	6.932141e-02	1.961571e-01	-1.268356e-01	1.614964e-01	-1.430144e-02	1.714663e-03	2.130282e-02	1.236607e-02	8.936750e-03
263           	4.174807e-01	1.944188e-01	2.230618e-01	6.931374e-02	1.961656e-01	-1.268518e-01	1.615087e-01	-1.432149e-02	1.734313e-03	2.136928e-02	1.241895e-02	8.950326e-03
264           	4.174748e-01	1.943995e-01	2.230753e-01	6.932236e-02	1.961538e-01	-1.268314e-01	1.614926e-01	-1.433791e-02	1.753409e-03	2.141140e-02	1.245911e-02	8.952292e-03
265           	4.174748e-01	1.943871e-01	2.230877e-01	6.932262e-02	1.961619e-01	-1.268393e-01	1.615006e-01	-1.435028e-02	1.772834e-03	2.146399e-02	1.250483e-02	8.959160e-03
266           	4.175116e-01	1.943838e-01	2.231279e-01	6.934817e-02	1.961867e-01	-1.268385e-01	1.615126e-01	-1.437207e-02	1.788820e-03	2.151606e-02	1.254685e-02	8.969212e-03
267           	4.175047e-01	1.943841e-01	2.231206e-01	6.933248e-02	1.961833e-01	-1.268509e-01	1.615171e-01	-1.436824e-02	1.813985e-03	2.153500e-02	1.258148e-02	8.953513e-03
268           	4.175270e-01	1.943895e-01	2.231375e-01	6.932571e-02	1.961657e-01	-1.268400e-01	1.615028e-01	-1.437403e-02	1.836507e-03	2.156505e-02	1.261903e-02	8.946020e-03
269           	4.174893e-01	1.943494e-01	2.231399e-01	6.932052e-02	1.961542e-01	-1.268337e-01	1.614940e-01	-1.439524e-02	1.862513e-03	2.163563e-02	1.268033e-02	8.955302e-03
270           	4.175161e-01	1.943421e-01	2.231740e-01	6.932333e-02	1.961633e-01	-1.268400e-01	1.615016e-01	-1.441595e-02	1.893593e-03	2.168988e-02	1.273853e-02	8.951348e-03
271           	4.175203e-01	1.943218e-01	2.231985e-01	6.928331e-02	1.961519e-01	-1.268686e-01	1.615102e-01	-1.443836e-02	1.926255e-03	2.176451e-02	1.280851e-02	8.955998e-03
272           	4.175101e-01	1.942889e-01	2.232212e-01	6.926307e-02	1.961186e-01	-1.268555e-01	1.614871e-01	-1.446619e-02	1.948345e-03	2.183592e-02	1.286630e-02	8.969613e-03
273           	4.174564e-01	1.942393e-01	2.232171e-01	6.925912e-02	1.960937e-01	-1.268346e-01	1.614641e-01	-1.448889e-02	1.968405e-03	2.191420e-02	1.292550e-02	8.988693e-03
274           	4.174598e-01	1.942208e-01	2.232390e-01	6.926367e-02	1.960890e-01	-1.268253e-01	1.614572e-01	-1.450913e-02	1.996951e-03	2.197083e-02	1.298236e-02	8.988462e-03
275           	4.174319e-01	1.941838e-01	2.232480e-01	6.921765e-02	1.960462e-01	-1.268286e-01	1.614374e-01	-1.453208e-02	2.022541e-03	2.204071e-02	1.304290e-02	8.997816e-03
276           	4.174243e-01	1.941713e-01	2.232530e-01	6.917730e-02	1.960107e-01	-1.268334e-01	1.614220e-01	-1.454087e-02	2.044015e-03	2.208223e-02	1.308513e-02	8.997098e-03
277           	4.173935e-01	1.941577e-01	2.232358e-01	6.917792e-02	1.959929e-01	-1.268149e-01	1.614039e-01	-1.453907e-02	2.063590e-03	2.210250e-02	1.311484e-02	8.987658e-03
278           	4.173675e-01	1.941298e-01	2.232377e-01	6.915725e-02	1.959524e-01	-1.267951e-01	1.613737e-01	-1.455396e-02	2.080320e-03	2.215382e-02	1.315723e-02	8.996592e-03
279           	4.173239e-01	1.941051e-01	2.232188e-01	6.915633e-02	1.959277e-01	-1.267714e-01	1.613495e-01	-1.455685e-02	2.107746e-03	2.217297e-02	1.319423e-02	8.978737e-03
280           	4.173125e-01	1.940740e-01	2.232385e-01	6.912834e-02	1.959035e-01	-1.267752e-01	1.613394e-01	-1.458226e-02	2.122349e-03	2.225536e-02	1.325003e-02	9.005331e-03
281           	4.173039e-01	1.940505e-01	2.232534e-01	6.912423e-02	1.958899e-01	-1.267657e-01	1.613278e-01	-1.460141e-02	2.144577e-03	2.231086e-02	1.330001e-02	9.010852e-03
282           	4.172396e-01	1.939872e-01	2.232524e-01	6.908331e-02	1.958153e-01	-1.267320e-01	1.612737e-01	-1.463262e-02	2.158815e-03	2.239250e-02	1.335506e-02	9.037434e-03
283           	4.172067e-01	1.939501e-01	2.232566e-01	6.912938e-02	1.958253e-01	-1.266960e-01	1.612607e-01	-1.465323e-02	2.180764e-03	2.244366e-02	1.340260e-02	9.041069e-03
284           	4.171777e-01	1.938923e-01	2.232854e-01	6.909574e-02	1.957738e-01	-1.266781e-01	1.612259e-01	-1.469651e-02	2.186173e-03	2.255193e-02	1.346214e-02	9.089793e-03
285           	4.171611e-01	1.938594e-01	2.233017e-01	6.910028e-02	1.957605e-01	-1.266602e-01	1.612103e-01	-1.472113e-02	2.205092e-03	2.261448e-02	1.351233e-02	9.102150e-03
286           	4.171260e-01	1.938080e-01	2.233180e-01	6.908792e-02	1.957052e-01	-1.266173e-01	1.611612e-01	-1.475501e-02	2.207833e-03	2.269309e-02	1.355438e-02	9.138712e-03
287           	4.170759e-01	1.937676e-01	2.233083e-01	6.914507e-02	1.957103e-01	-1.265652e-01	1.611378e-01	-1.477037e-02	2.216520e-03	2.272227e-02	1.357766e-02	9.144617e-03
288           	4.170649e-01	1.937222e-01	2.233426e-01	6.913817e-02	1.956702e-01	-1.265320e-01	1.611011e-01	-1.481021e-02	2.201416e-03	2.281310e-02	1.360797e-02	9.205133e-03
289           	4.170262e-01	1.936918e-01	2.233344e-01	6.918688e-02	1.956774e-01	-1.264905e-01	1.610840e-01	-1.482134e-02	2.207124e-03	2.283015e-02	1.362220e-02	9.207951e-03
290           	4.170154e-01	1.936471e-01	2.233683e-01	6.920636e-02	1.956605e-01	-1.264541e-01	1.610573e-01	-1.486059e-02	2.196544e-03	2.291720e-02	1.365514e-02	9.262055e-03
291           	4.169677e-01	1.936119e-01	2.233558e-01	6.925908e-02	1.956671e-01	-1.264080e-01	1.610376e-01	-1.487194e-02	2.197295e-03	2.294498e-02	1.366979e-02	9.275195e-03
292           	4.169687e-01	1.935699e-01	2.233988e-01	6.930231e-02	1.956717e-01	-1.263694e-01	1.610205e-01	-1.491446e-02	2.173440e-03	2.303536e-02	1.369112e-02	9.344239e-03
293           	4.169141e-01	1.935288e-01	2.233853e-01	6.933589e-02	1.956588e-01	-1.263229e-01	1.609908e-01	-1.492826e-02	2.162036e-03	2.306895e-02	1.369651e-02	9.372438e-03
294           	4.169209e-01	1.934949e-01	2.234261e-01	6.934513e-02	1.956375e-01	-1.262924e-01	1.609649e-01	-1.496561e-02	2.149902e-03	2.314746e-02	1.372363e-02	9.423826e-03
295           	4.168706e-01	1.934649e-01	2.234057e-01	6.938580e-02	1.956317e-01	-1.262459e-01	1.609388e-01	-1.497038e-02	2.151459e-03	2.316919e-02	1.373605e-02	9.433137e-03
296           	4.168643e-01	1.934256e-01	2.234386e-01	6.941101e-02	1.956159e-01	-1.262049e-01	1.609104e-01	-1.500650e-02	2.134415e-03	2.324566e-02	1.375724e-02	9.488413e-03
297           	4.168384e-01	1.934039e-01	2.234344e-01	6.943693e-02	1.956128e-01	-1.261759e-01	1.608943e-01	-1.501525e-02	2.125381e-03	2.327015e-02	1.376045e-02	9.509692e-03
298           	4.168500e-01	1.933899e-01	2.234601e-01	6.948403e-02	1.956279e-01	-1.261439e-01	1.608859e-01	-1.503512e-02	2.108930e-03	2.330942e-02	1.376364e-02	9.545782e-03
299           	4.168258e-01	1.933708e-01	2.234550e-01	6.950614e-02	1.956151e-01	-1.261089e-01	1.608620e-01	-1.504213e-02	2.103336e-03	2.333007e-02	1.376837e-02	9.561698e-03
300           	4.168123e-01	1.933368e-01	2.234755e-01	6.953857e-02	1.956021e-01	-1.260635e-01	1.608328e-01	-1.506934e-02	2.082455e-03	2.338354e-02	1.377422e-02	9.609313e-03
301           	4.168094e-01	1.933309e-01	2.234786e-01	6.957581e-02	1.956198e-01	-1.260440e-01	1.608319e-01	-1.507383e-02	2.066300e-03	2.339718e-02	1.376489e-02	9.632292e-03
302           	4.168227e-01	1.933151e-01	2.235076e-01	6.960958e-02	1.956322e-01	-1.260226e-01	1.608274e-01	-1.509628e-02	2.041955e-03	2.343499e-02	1.375945e-02	9.675541e-03
303           	4.168160e-01	1.933191e-01	2.234970e-01	6.960521e-02	1.956070e-01	-1.260018e-01	1.608044e-01	-1.508897e-02	2.028626e-03	2.341797e-02	1.373761e-02	9.680360e-03
304           	4.167867e-01	1.932885e-01	2.234983e-01	6.966135e-02	1.956126e-01	-1.259513e-01	1.607819e-01	-1.510489e-02	2.009020e-03	2.345444e-02	1.373624e-02	9.718202e-03
305           	4.167973e-01	1.932885e-01	2.235088e-01	6.968846e-02	1.956328e-01	-1.259443e-01	1.607885e-01	-1.511011e-02	1.993726e-03	2.346382e-02	1.372563e-02	9.738182e-03
306           	4.167910e-01	1.932675e-01	2.235236e-01	6.968904e-02	1.956137e-01	-1.259247e-01	1.607692e-01	-1.512805e-02	1.983419e-03	2.349641e-02	1.373163e-02	9.764788e-03
307           	4.168034e-01	1.932775e-01	2.235259e-01	6.969891e-02	1.956184e-01	-1.259195e-01	1.607689e-01	-1.512421e-02	1.978294e-03	2.348173e-02	1.371916e-02	9.762570e-03
308           	4.167593e-01	1.932448e-01	2.235145e-01	6.971565e-02	1.955951e-01	-1.258794e-01	1.607373e-01	-1.513487e-02	1.966782e-03	2.350732e-02	1.372044e-02	9.786880e-03
309           	4.167728e-01	1.932478e-01	2.235249e-01	6.975463e-02	1.956260e-01	-1.258713e-01	1.607487e-01	-1.513856e-02	1.962274e-03	2.350713e-02	1.371584e-02	9.791291e-03
310           	4.167672e-01	1.932292e-01	2.235380e-01	6.974040e-02	1.956021e-01	-1.258617e-01	1.607319e-01	-1.515441e-02	1.958843e-03	2.353630e-02	1.372699e-02	9.809309e-03
311           	4.167778e-01	1.932188e-01	2.235590e-01	6.977499e-02	1.956359e-01	-1.258609e-01	1.607484e-01	-1.517008e-02	1.959324e-03	2.355405e-02	1.373635e-02	9.817700e-03
312           	4.167515e-01	1.931889e-01	2.235626e-01	6.972830e-02	1.955828e-01	-1.258546e-01	1.607187e-01	-1.518685e-02	1.952639e-03	2.358467e-02	1.374497e-02	9.839695e-03
313           	4.167562e-01	1.931863e-01	2.235699e-01	6.976330e-02	1.956183e-01	-1.258550e-01	1.607367e-01	-1.519183e-02	1.945242e-03	2.357121e-02	1.373085e-02	9.840364e-03
314           	4.167346e-01	1.931574e-01	2.235773e-01	6.972637e-02	1.955762e-01	-1.258498e-01	1.607130e-01	-1.520993e-02	1.932556e-03	2.359794e-02	1.373153e-02	9.866416e-03
315           	4.167374e-01	1.931572e-01	2.235802e-01	6.976549e-02	1.956258e-01	-1.258603e-01	1.607431e-01	-1.521150e-02	1.934503e-03	2.357126e-02	1.372013e-02	9.851126e-03
316           	4.167424e-01	1.931468e-01	2.235956e-01	6.970204e-02	1.955886e-01	-1.258865e-01	1.607376e-01	-1.522444e-02	1.925700e-03	2.359038e-02	1.372089e-02	9.869491e-03
317           	4.167199e-01	1.931317e-01	2.235882e-01	6.972090e-02	1.956031e-01	-1.258822e-01	1.607426e-01	-1.522825e-02	1.920853e-03	2.358139e-02	1.371155e-02	9.869841e-03
318           	4.167220e-01	1.931293e-01	2.235928e-01	6.971080e-02	1.956009e-01	-1.258901e-01	1.607455e-01	-1.523176e-02	1.915113e-03	2.357733e-02	1.370378e-02	9.873549e-03
319           	4.167178e-01	1.931365e-01	2.235813e-01	6.973010e-02	1.956291e-01	-1.258990e-01	1.607640e-01	-1.522244e-02	1.918468e-03	2.354233e-02	1.368963e-02	9.852697e-03
320           	4.167101e-01	1.931290e-01	2.235810e-01	6.971159e-02	1.956117e-01	-1.259001e-01	1.607559e-01	-1.522600e-02	1.918757e-03	2.354753e-02	1.369252e-02	9.855006e-03
321           	4.166803e-01	1.931232e-01	2.235571e-01	6.969788e-02	1.955926e-01	-1.258948e-01	1.607437e-01	-1.521693e-02	1.921426e-03	2.353593e-02	1.368939e-02	9.846537e-03
322           	4.166692e-01	1.931256e-01	2.235436e-01	6.972573e-02	1.956049e-01	-1.258792e-01	1.607420e-01	-1.520900e-02	1.929393e-03	2.352030e-02	1.368954e-02	9.830757e-03
323           	4.166615e-01	1.931309e-01	2.235306e-01	6.971674e-02	1.955977e-01	-1.258810e-01	1.607393e-01	-1.519985e-02	1.937754e-03	2.350041e-02	1.368796e-02	9.812453e-03
324           	4.166373e-01	1.931306e-01	2.235067e-01	6.970867e-02	1.955732e-01	-1.258645e-01	1.607188e-01	-1.518803e-02	1.943389e-03	2.346805e-02	1.367742e-02	9.790638e-03
325           	4.166150e-01	1.931389e-01	2.234761e-01	6.969475e-02	1.955564e-01	-1.258617e-01	1.607090e-01	-1.516862e-02	1.955390e-03	2.343239e-02	1.367158e-02	9.760805e-03
326           	4.166231e-01	1.931271e-01	2.234960e-01	6.970441e-02	1.955656e-01	-1.258612e-01	1.607134e-01	-1.518443e-02	1.962150e-03	2.346534e-02	1.369482e-02	9.770522e-03
327           	4.166100e-01	1.931332e-01	2.234768e-01	6.967029e-02	1.955442e-01	-1.258739e-01	1.607091e-01	-1.517178e-02	1.975127e-03	2.344035e-02	1.369530e-02	9.745048e-03
328           	4.165894e-01	1.931096e-01	2.234798e-01	6.965297e-02	1.955262e-01	-1.258732e-01	1.606997e-01	-1.518508e-02	1.978018e-03	2.346080e-02	1.370842e-02	9.752383e-03
329           	4.165646e-01	1.930949e-01	2.234697e-01	6.962390e-02	1.955158e-01	-1.258919e-01	1.607039e-01	-1.518738e-02	1.984814e-03	2.346734e-02	1.371849e-02	9.748858e-03
330           	4.165386e-01	1.930617e-01	2.234769e-01	6.959228e-02	1.954827e-01	-1.258904e-01	1.606865e-01	-1.520761e-02	1.990844e-03	2.351032e-02	1.374600e-02	9.764315e-03
331           	4.164893e-01	1.930265e-01	2.234628e-01	6.955626e-02	1.954608e-01	-1.259045e-01	1.606827e-01	-1.521814e-02	2.008537e-03	2.353132e-02	1.377420e-02	9.757122e-03
332           	4.164830e-01	1.929884e-01	2.234946e-01	6.951194e-02	1.954371e-01	-1.259251e-01	1.606811e-01	-1.525306e-02	2.008779e-03	2.360215e-02	1.380985e-02	9.792295e-03
333           	4.164565e-01	1.929662e-01	2.234903e-01	6.948246e-02	1.954284e-01	-1.259459e-01	1.606872e-01	-1.526208e-02	2.020237e-03	2.361986e-02	1.383016e-02	9.789691e-03
334           	4.164272e-01	1.929247e-01	2.235024e-01	6.943255e-02	1.953840e-01	-1.259515e-01	1.606677e-01	-1.528886e-02	2.019730e-03	2.367435e-02	1.385691e-02	9.817447e-03
335           	4.163793e-01	1.929014e-01	2.234779e-01	6.941442e-02	1.953651e-01	-1.259507e-01	1.606579e-01	-1.528821e-02	2.032369e-03	2.366888e-02	1.386681e-02	9.802068e-03
336           	4.163428e-01	1.928572e-01	2.234855e-01	6.936360e-02	1.953183e-01	-1.259547e-01	1.606365e-01	-1.531416e-02	2.026931e-03	2.373081e-02	1.389233e-02	9.838473e-03
337           	4.163238e-01	1.928313e-01	2.234925e-01	6.937759e-02	1.953493e-01	-1.259717e-01	1.606605e-01	-1.533058e-02	2.028602e-03	2.375042e-02	1.390381e-02	9.846609e-03
338           	4.163036e-01	1.928033e-01	2.235003e-01	6.929638e-02	1.952860e-01	-1.259896e-01	1.606378e-01	-1.534850e-02	2.021817e-03	2.377690e-02	1.391026e-02	9.866630e-03
339           	4.162463e-01	1.927722e-01	2.234742e-01	6.932644e-02	1.952870e-01	-1.259606e-01	1.606238e-01	-1.535098e-02	2.023594e-03	2.376203e-02	1.390461e-02	9.857420e-03
340           	4.162264e-01	1.927346e-01	2.234918e-01	6.930746e-02	1.952766e-01	-1.259691e-01	1.606228e-01	-1.537863e-02	2.011780e-03	2.381205e-02	1.391781e-02	9.894245e-03
341           	4.162327e-01	1.927201e-01	2.235126e-01	6.933716e-02	1.953109e-01	-1.259737e-01	1.606423e-01	-1.539623e-02	2.009607e-03	2.382652e-02	1.392287e-02	9.903655e-03
342           	4.162320e-01	1.926962e-01	2.235358e-01	6.927372e-02	1.952650e-01	-1.259913e-01	1.606281e-01	-1.541980e-02	2.007869e-03	2.386373e-02	1.393973e-02	9.923996e-03
343           	4.162204e-01	1.926852e-01	2.235352e-01	6.930649e-02	1.952928e-01	-1.259864e-01	1.606396e-01	-1.542504e-02	2.010163e-03	2.384478e-02	1.393255e-02	9.912229e-03
344           	4.162126e-01	1.926587e-01	2.235540e-01	6.928989e-02	1.952798e-01	-1.259899e-01	1.606349e-01	-1.544765e-02	2.002078e-03	2.387890e-02	1.394153e-02	9.937371e-03
345           	4.162324e-01	1.926572e-01	2.235752e-01	6.931392e-02	1.953094e-01	-1.259955e-01	1.606525e-01	-1.545902e-02	2.003279e-03	2.387912e-02	1.394284e-02	9.936279e-03
346           	4.162445e-01	1.926417e-01	2.236028e-01	6.930791e-02	1.953135e-01	-1.260056e-01	1.606596e-01	-1.548051e-02	2.002280e-03	2.391376e-02	1.395916e-02	9.954601e-03
347           	4.162658e-01	1.926436e-01	2.236223e-01	6.933418e-02	1.953463e-01	-1.260121e-01	1.606792e-01	-1.548936e-02	2.006202e-03	2.390873e-02	1.396057e-02	9.948163e-03
348           	4.162681e-01	1.926313e-01	2.236369e-01	6.932982e-02	1.953401e-01	-1.260103e-01	1.606752e-01	-1.550282e-02	2.002673e-03	2.392941e-02	1.396738e-02	9.962029e-03
349           	4.162775e-01	1.926243e-01	2.236532e-01	6.936211e-02	1.953657e-01	-1.260036e-01	1.606847e-01	-1.551443e-02	1.993578e-03	2.394093e-02	1.396404e-02	9.976885e-03
350           	4.162959e-01	1.926223e-01	2.236735e-01	6.938842e-02	1.953919e-01	-1.260035e-01	1.606977e-01	-1.552562e-02	1.993027e-03	2.394943e-02	1.396774e-02	9.981687e-03
351           	4.163271e-01	1.926349e-01	2.236922e-01	6.939687e-02	1.954128e-01	-1.260159e-01	1.607143e-01	-1.552866e-02	1.992508e-03	2.394197e-02	1.396349e-02	9.978479e-03
352           	4.163478e-01	1.926296e-01	2.237183e-01	6.942263e-02	1.954292e-01	-1.260066e-01	1.607179e-01	-1.554435e-02	1.992965e-03	2.397313e-02	1.397953e-02	9.993598e-03
353           	4.163556e-01	1.926229e-01	2.237328e-01	6.944543e-02	1.954512e-01	-1.260058e-01	1.607285e-01	-1.555496e-02	1.989661e-03	2.399194e-02	1.398563e-02	1.000631e-02
354           	4.164265e-01	1.926364e-01	2.237901e-01	6.948252e-02	1.954989e-01	-1.260163e-01	1.607576e-01	-1.557686e-02	1.988393e-03	2.401836e-02	1.399757e-02	1.002079e-02
355           	4.164490e-01	1.926552e-01	2.237938e-01	6.950068e-02	1.955239e-01	-1.260232e-01	1.607736e-01	-1.556932e-02	1.993827e-03	2.399657e-02	1.399211e-02	1.000446e-02
356           	4.164892e-01	1.926543e-01	2.238349e-01	6.949253e-02	1.955181e-01	-1.260255e-01	1.607718e-01	-1.559030e-02	1.996935e-03	2.403551e-02	1.401469e-02	1.002082e-02
357           	4.165020e-01	1.926353e-01	2.238667e-01	6.952827e-02	1.955484e-01	-1.260202e-01	1.607843e-01	-1.561568e-02	2.001182e-03	2.409152e-02	1.404694e-02	1.004458e-02
358           	4.165746e-01	1.926498e-01	2.239248e-01	6.955468e-02	1.955893e-01	-1.260346e-01	1.608119e-01	-1.563749e-02	2.010467e-03	2.412008e-02	1.407051e-02	1.004957e-02
359           	4.165982e-01	1.926453e-01	2.239529e-01	6.956691e-02	1.956132e-01	-1.260463e-01	1.608298e-01	-1.565382e-02	2.010281e-03	2.414594e-02	1.408325e-02	1.006269e-02
360           	4.166249e-01	1.926220e-01	2.240029e-01	6.953756e-02	1.955833e-01	-1.260458e-01	1.608146e-01	-1.569048e-02	2.007829e-03	2.422054e-02	1.411810e-02	1.010244e-02
361           	4.166273e-01	1.926091e-01	2.240182e-01	6.958236e-02	1.956154e-01	-1.260331e-01	1.608242e-01	-1.570454e-02	2.014125e-03	2.424515e-02	1.413670e-02	1.010845e-02
362           	4.166672e-01	1.925903e-01	2.240769e-01	6.959587e-02	1.956330e-01	-1.260372e-01	1.608351e-01	-1.574331e-02	2.014569e-03	2.432070e-02	1.417492e-02	1.014578e-02
363           	4.166937e-01	1.925898e-01	2.241039e-01	6.961583e-02	1.956549e-01	-1.260390e-01	1.608469e-01	-1.575708e-02	2.020064e-03	2.434269e-02	1.419141e-02	1.015128e-02
364           	4.167127e-01	1.925793e-01	2.241335e-01	6.960254e-02	1.956337e-01	-1.260311e-01	1.608324e-01	-1.577711e-02	2.011908e-03	2.439058e-02	1.420720e-02	1.018338e-02
365           	4.167173e-01	1.925784e-01	2.241389e-01	6.966236e-02	1.956722e-01	-1.260098e-01	1.608410e-01	-1.578024e-02	2.012832e-03	2.438066e-02	1.420316e-02	1.017750e-02
366           	4.167191e-01	1.925723e-01	2.241467e-01	6.966258e-02	1.956598e-01	-1.259972e-01	1.608285e-01	-1.578721e-02	2.011128e-03	2.439817e-02	1.421021e-02	1.018796e-02
367           	4.167324e-01	1.925761e-01	2.241563e-01	6.970947e-02	1.956867e-01	-1.259773e-01	1.608320e-01	-1.579013e-02	2.015453e-03	2.439633e-02	1.421362e-02	1.018271e-02
368           	4.167291e-01	1.925545e-01	2.241746e-01	6.970270e-02	1.956758e-01	-1.259731e-01	1.608245e-01	-1.581002e-02	2.009861e-03	2.444607e-02	1.423290e-02	1.021317e-02
369           	4.167477e-01	1.925658e-01	2.241819e-01	6.973605e-02	1.957025e-01	-1.259665e-01	1.608345e-01	-1.580801e-02	2.006199e-03	2.443387e-02	1.422313e-02	1.021073e-02
370           	4.167381e-01	1.925514e-01	2.241867e-01	6.973649e-02	1.956889e-01	-1.259524e-01	1.608207e-01	-1.581761e-02	2.003428e-03	2.446028e-02	1.423357e-02	1.022671e-02
371           	4.167356e-01	1.925475e-01	2.241881e-01	6.976277e-02	1.956963e-01	-1.259335e-01	1.608149e-01	-1.582029e-02	2.002377e-03	2.445553e-02	1.423014e-02	1.022539e-02
372           	4.167157e-01	1.925196e-01	2.241961e-01	6.974550e-02	1.956699e-01	-1.259244e-01	1.607972e-01	-1.583823e-02	1.994053e-03	2.450236e-02	1.424523e-02	1.025713e-02
373           	4.167294e-01	1.925351e-01	2.241943e-01	6.978584e-02	1.957028e-01	-1.259170e-01	1.608099e-01	-1.582960e-02	1.991171e-03	2.448265e-02	1.423250e-02	1.025016e-02
374           	4.167024e-01	1.925192e-01	2.241832e-01	6.976212e-02	1.956584e-01	-1.258963e-01	1.607774e-01	-1.583198e-02	1.984738e-03	2.450362e-02	1.423655e-02	1.026707e-02
375           	4.166808e-01	1.925194e-01	2.241614e-01	6.980131e-02	1.956696e-01	-1.258682e-01	1.607689e-01	-1.582099e-02	1.974569e-03	2.447460e-02	1.421187e-02	1.026273e-02
376           	4.166715e-01	1.925170e-01	2.241544e-01	6.982647e-02	1.956769e-01	-1.258504e-01	1.607636e-01	-1.581870e-02	1.954979e-03	2.447528e-02	1.419262e-02	1.028266e-02
377           	4.166670e-01	1.925381e-01	2.241289e-01	6.987208e-02	1.957060e-01	-1.258339e-01	1.607699e-01	-1.579541e-02	1.938873e-03	2.442445e-02	1.415110e-02	1.027335e-02
378           	4.166756e-01	1.925442e-01	2.241314e-01	6.986911e-02	1.956912e-01	-1.258221e-01	1.607567e-01	-1.579359e-02	1.920660e-03	2.442947e-02	1.413540e-02	1.029408e-02
379           	4.166593e-01	1.925645e-01	2.240947e-01	6.991208e-02	1.957110e-01	-1.257989e-01	1.607550e-01	-1.576510e-02	1.908439e-03	2.436836e-02	1.409262e-02	1.027574e-02
380           	4.166735e-01	1.925711e-01	2.241024e-01	6.995089e-02	1.957307e-01	-1.257798e-01	1.607552e-01	-1.576565e-02	1.882016e-03	2.436419e-02	1.406411e-02	1.030008e-02
381           	4.166494e-01	1.925927e-01	2.240568e-01	6.999026e-02	1.957481e-01	-1.257579e-01	1.607530e-01	-1.573203e-02	1.865902e-03	2.429449e-02	1.401315e-02	1.028134e-02
382           	4.166743e-01	1.926083e-01	2.240660e-01	7.000164e-02	1.957438e-01	-1.257422e-01	1.607430e-01	-1.572889e-02	1.848850e-03	2.428732e-02	1.399251e-02	1.029481e-02
383           	4.166210e-01	1.926134e-01	2.240076e-01	7.005527e-02	1.957506e-01	-1.256954e-01	1.607230e-01	-1.569707e-02	1.840763e-03	2.422400e-02	1.395276e-02	1.027124e-02
384           	4.166592e-01	1.926322e-01	2.240270e-01	7.010523e-02	1.957837e-01	-1.256785e-01	1.607311e-01	-1.569742e-02	1.825263e-03	2.421732e-02	1.393392e-02	1.028340e-02
385           	4.166348e-01	1.926484e-01	2.239863e-01	7.012387e-02	1.957860e-01	-1.256621e-01	1.607241e-01	-1.566894e-02	1.808502e-03	2.415243e-02	1.388472e-02	1.026771e-02
386           	4.166697e-01	1.926645e-01	2.240052e-01	7.014940e-02	1.957992e-01	-1.256498e-01	1.607245e-01	-1.567037e-02	1.786641e-03	2.414994e-02	1.386161e-02	1.028833e-02
387           	4.166441e-01	1.926837e-01	2.239604e-01	7.019443e-02	1.958142e-01	-1.256198e-01	1.607170e-01	-1.563835e-02	1.770864e-03	2.407961e-02	1.381067e-02	1.026894e-02
388           	4.166639e-01	1.926937e-01	2.239702e-01	7.022367e-02	1.958309e-01	-1.256073e-01	1.607191e-01	-1.563822e-02	1.748832e-03	2.407463e-02	1.378614e-02	1.028848e-02
389           	4.166393e-01	1.927027e-01	2.239366e-01	7.023615e-02	1.958220e-01	-1.255858e-01	1.607039e-01	-1.561694e-02	1.728296e-03	2.401976e-02	1.373817e-02	1.028158e-02
390           	4.166851e-01	1.927226e-01	2.239625e-01	7.026639e-02	1.958542e-01	-1.255878e-01	1.607210e-01	-1.561991e-02	1.699885e-03	2.401250e-02	1.370613e-02	1.030636e-02
391           	4.166599e-01	1.927517e-01	2.239081e-01	7.029525e-02	1.958584e-01	-1.255631e-01	1.607107e-01	-1.557819e-02	1.680347e-03	2.391221e-02	1.363645e-02	1.027576e-02
392           	4.166519e-01	1.927602e-01	2.238917e-01	7.033155e-02	1.958695e-01	-1.255379e-01	1.607037e-01	-1.556573e-02	1.652692e-03	2.387942e-02	1.359240e-02	1.028702e-02
393           	4.166619e-01	1.927911e-01	2.238708e-01	7.035391e-02	1.958822e-01	-1.255283e-01	1.607053e-01	-1.553981e-02	1.631452e-03	2.381706e-02	1.353998e-02	1.027708e-02
394           	4.166765e-01	1.928014e-01	2.238751e-01	7.038252e-02	1.959063e-01	-1.255238e-01	1.607150e-01	-1.553687e-02	1.603578e-03	2.379732e-02	1.350224e-02	1.029508e-02
395           	4.166870e-01	1.928362e-01	2.238508e-01	7.040221e-02	1.959264e-01	-1.255242e-01	1.607253e-01	-1.550728e-02	1.583050e-03	2.371615e-02	1.344113e-02	1.027503e-02
396           	4.166746e-01	1.928433e-01	2.238312e-01	7.040362e-02	1.959054e-01	-1.255018e-01	1.607036e-01	-1.549395e-02	1.552170e-03	2.368128e-02	1.339281e-02	1.028847e-02
397           	4.166620e-01	1.928455e-01	2.238165e-01	7.044889e-02	1.959281e-01	-1.254792e-01	1.607036e-01	-1.548549e-02	1.532889e-03	2.364888e-02	1.335733e-02	1.029155e-02
398           	4.166752e-01	1.928525e-01	2.238227e-01	7.044655e-02	1.959330e-01	-1.254864e-01	1.607097e-01	-1.548510e-02	1.509056e-03	2.362680e-02	1.332246e-02	1.030434e-02
399           	4.166792e-01	1.928715e-01	2.238078e-01	7.046111e-02	1.959555e-01	-1.254944e-01	1.607250e-01	-1.546816e-02	1.497620e-03	2.356686e-02	1.328105e-02	1.028581e-02
400           	4.166557e-01	1.928609e-01	2.237948e-01	7.039982e-02	1.958955e-01	-1.254957e-01	1.606956e-01	-1.546697e-02	1.468023e-03	2.355418e-02	1.324511e-02	1.030907e-02
401           	4.166352e-01	1.928710e-01	2.237642e-01	7.045143e-02	1.959409e-01	-1.254895e-01	1.607152e-01	-1.544659e-02	1.451726e-03	2.348704e-02	1.319525e-02	1.029180e-02
402           	4.166442e-01	1.928749e-01	2.237693e-01	7.041158e-02	1.959207e-01	-1.255092e-01	1.607150e-01	-1.544722e-02	1.429312e-03	2.347057e-02	1.316460e-02	1.030597e-02
403           	4.166480e-01	1.928897e-01	2.237583e-01	7.042275e-02	1.959552e-01	-1.255324e-01	1.607438e-01	-1.543427e-02	1.421406e-03	2.341317e-02	1.312799e-02	1.028518e-02
404           	4.166610e-01	1.928920e-01	2.237690e-01	7.034482e-02	1.959092e-01	-1.255644e-01	1.607368e-01	-1.543853e-02	1.396000e-03	2.341957e-02	1.310579e-02	1.031379e-02
405           	4.166364e-01	1.928988e-01	2.237376e-01	7.036690e-02	1.959354e-01	-1.255685e-01	1.607520e-01	-1.541942e-02	1.386234e-03	2.335748e-02	1.306497e-02	1.029250e-02
406           	4.166738e-01	1.929052e-01	2.237685e-01	7.034044e-02	1.959408e-01	-1.256003e-01	1.607706e-01	-1.543163e-02	1.368545e-03	2.337173e-02	1.305441e-02	1.031732e-02
407           	4.166421e-01	1.929021e-01	2.237400e-01	7.031984e-02	1.959320e-01	-1.256121e-01	1.607720e-01	-1.541896e-02	1.364217e-03	2.332905e-02	1.302874e-02	1.030031e-02
408           	4.166704e-01	1.929044e-01	2.237660e-01	7.027718e-02	1.959217e-01	-1.256445e-01	1.607831e-01	-1.543081e-02	1.356540e-03	2.335604e-02	1.303456e-02	1.032148e-02
409           	4.166622e-01	1.929153e-01	2.237469e-01	7.025546e-02	1.959192e-01	-1.256638e-01	1.607915e-01	-1.541581e-02	1.359383e-03	2.332757e-02	1.302317e-02	1.030440e-02
410           	4.166977e-01	1.929314e-01	2.237663e-01	7.023282e-02	1.959195e-01	-1.256867e-01	1.608031e-01	-1.541743e-02	1.352100e-03	2.333143e-02	1.301782e-02	1.031362e-02
411           	4.166798e-01	1.929393e-01	2.237405e-01	7.019629e-02	1.958999e-01	-1.257036e-01	1.608018e-01	-1.540059e-02	1.359876e-03	2.328874e-02	1.300424e-02	1.028449e-02
412           	4.167048e-01	1.929518e-01	2.237530e-01	7.020258e-02	1.959184e-01	-1.257158e-01	1.608171e-01	-1.540063e-02	1.363828e-03	2.329118e-02	1.300942e-02	1.028176e-02
413           	4.167132e-01	1.929646e-01	2.237487e-01	7.015332e-02	1.958989e-01	-1.257456e-01	1.608222e-01	-1.539207e-02	1.367762e-03	2.328308e-02	1.300930e-02	1.027378e-02
414           	4.167273e-01	1.929628e-01	2.237645e-01	7.016427e-02	1.959026e-01	-1.257383e-01	1.608204e-01	-1.540085e-02	1.371874e-03	2.330304e-02	1.302339e-02	1.027965e-02
415           	4.167213e-01	1.929608e-01	2.237604e-01	7.014318e-02	1.958937e-01	-1.257505e-01	1.608221e-01	-1.539979e-02	1.379303e-03	2.330307e-02	1.303084e-02	1.027223e-02
416           	4.167648e-01	1.929648e-01	2.238000e-01	7.013653e-02	1.959054e-01	-1.257688e-01	1.608371e-01	-1.541762e-02	1.376767e-03	2.333825e-02	1.304589e-02	1.029236e-02
417           	4.167758e-01	1.929585e-01	2.238173e-01	7.010401e-02	1.958987e-01	-1.257946e-01	1.608467e-01	-1.542936e-02	1.383309e-03	2.336593e-02	1.306627e-02	1.029966e-02
418           	4.167827e-01	1.929421e-01	2.238407e-01	7.009865e-02	1.958858e-01	-1.257871e-01	1.608365e-01	-1.544931e-02	1.401067e-03	2.341057e-02	1.310635e-02	1.030422e-02
419           	4.168018e-01	1.929280e-01	2.238737e-01	7.009685e-02	1.959111e-01	-1.258142e-01	1.608627e-01	-1.547286e-02	1.416653e-03	2.345977e-02	1.314654e-02	1.031323e-02
420           	4.168289e-01	1.929106e-01	2.239184e-01	7.009731e-02	1.959256e-01	-1.258283e-01	1.608770e-01	-1.550390e-02	1.428804e-03	2.352392e-02	1.319076e-02	1.033316e-02
421           	4.168595e-01	1.928981e-01	2.239614e-01	7.007663e-02	1.959396e-01	-1.258629e-01	1.609012e-01	-1.553166e-02	1.448544e-03	2.358253e-02	1.323981e-02	1.034272e-02
422           	4.168930e-01	1.928674e-01	2.240256e-01	7.004934e-02	1.959337e-01	-1.258843e-01	1.609090e-01	-1.557906e-02	1.470941e-03	2.368170e-02	1.331179e-02	1.036991e-02
423           	4.169238e-01	1.928507e-01	2.240731e-01	7.007992e-02	1.959862e-01	-1.259062e-01	1.609462e-01	-1.561124e-02	1.503238e-03	2.375130e-02	1.337889e-02	1.037241e-02
424           	4.169497e-01	1.928163e-01	2.241334e-01	7.004594e-02	1.959624e-01	-1.259164e-01	1.609394e-01	-1.565851e-02	1.526088e-03	2.386217e-02	1.345717e-02	1.040499e-02
425           	4.169963e-01	1.927830e-01	2.242133e-01	7.007031e-02	1.960103e-01	-1.259399e-01	1.609751e-01	-1.571512e-02	1.547025e-03	2.398413e-02	1.353909e-02	1.044504e-02
426           	4.170291e-01	1.927662e-01	2.242629e-01	7.005569e-02	1.960053e-01	-1.259496e-01	1.609774e-01	-1.574838e-02	1.568063e-03	2.406599e-02	1.360106e-02	1.046493e-02
427           	4.170596e-01	1.927540e-01	2.243056e-01	7.008152e-02	1.960343e-01	-1.259528e-01	1.609936e-01	-1.577579e-02	1.601159e-03	2.412908e-02	1.366570e-02	1.046338e-02
428           	4.170792e-01	1.927138e-01	2.243654e-01	7.005058e-02	1.960006e-01	-1.259500e-01	1.609753e-01	-1.582580e-02	1.620162e-03	2.425794e-02	1.374913e-02	1.050881e-02
429           	4.171444e-01	1.927073e-01	2.244371e-01	7.008552e-02	1.960652e-01	-1.259796e-01	1.610224e-01	-1.586490e-02	1.645791e-03	2.434119e-02	1.381639e-02	1.052481e-02
430           	4.171831e-01	1.926869e-01	2.244962e-01	7.006676e-02	1.960573e-01	-1.259905e-01	1.610239e-01	-1.590469e-02	1.667345e-03	2.443561e-02	1.388515e-02	1.055046e-02
431           	4.172159e-01	1.926848e-01	2.245310e-01	7.005306e-02	1.960594e-01	-1.260063e-01	1.610329e-01	-1.592309e-02	1.697483e-03	2.447571e-02	1.393534e-02	1.054037e-02
432           	4.172395e-01	1.926453e-01	2.245942e-01	7.005256e-02	1.960608e-01	-1.260082e-01	1.610345e-01	-1.597447e-02	1.718178e-03	2.460290e-02	1.401963e-02	1.058327e-02
433           	4.173100e-01	1.926331e-01	2.246769e-01	7.004754e-02	1.960957e-01	-1.260481e-01	1.610719e-01	-1.602195e-02	1.740698e-03	2.471001e-02	1.409570e-02	1.061431e-02
434           	4.173297e-01	1.925991e-01	2.247306e-01	7.002079e-02	1.960807e-01	-1.260600e-01	1.610703e-01	-1.606577e-02	1.768998e-03	2.479795e-02	1.416797e-02	1.062998e-02
435           	4.173637e-01	1.925886e-01	2.247752e-01	6.997589e-02	1.960669e-01	-1.260910e-01	1.610789e-01	-1.609330e-02	1.795193e-03	2.485954e-02	1.422497e-02	1.063458e-02
436           	4.173501e-01	1.925312e-01	2.248189e-01	6.999303e-02	1.960622e-01	-1.260691e-01	1.610657e-01	-1.614381e-02	1.814334e-03	2.497854e-02	1.430360e-02	1.067493e-02
437           	4.173731e-01	1.925029e-01	2.248702e-01	6.995035e-02	1.960449e-01	-1.260946e-01	1.610698e-01	-1.618368e-02	1.832424e-03	2.506906e-02	1.436695e-02	1.070211e-02
438           	4.173880e-01	1.924540e-01	2.249340e-01	6.995007e-02	1.960464e-01	-1.260963e-01	1.610714e-01	-1.624004e-02	1.855447e-03	2.518530e-02	1.444810e-02	1.073720e-02
439           	4.173938e-01	1.924069e-01	2.249869e-01	6.988524e-02	1.960123e-01	-1.261271e-01	1.610697e-01	-1.628998e-02	1.878766e-03	2.529520e-02	1.452637e-02	1.076883e-02
440           	4.174054e-01	1.923746e-01	2.250308e-01	6.987196e-02	1.959993e-01	-1.261273e-01	1.610633e-01	-1.632810e-02	1.894126e-03	2.536541e-02	1.457683e-02	1.078858e-02
441           	4.174146e-01	1.923531e-01	2.250616e-01	6.983082e-02	1.959766e-01	-1.261458e-01	1.610612e-01	-1.635424e-02	1.911483e-03	2.542324e-02	1.462311e-02	1.080014e-02
442           	4.174346e-01	1.923149e-01	2.251197e-01	6.983446e-02	1.959801e-01	-1.261457e-01	1.610629e-01	-1.640238e-02	1.923287e-03	2.550933e-02	1.467795e-02	1.083138e-02
443           	4.174276e-01	1.922988e-01	2.251289e-01	6.979442e-02	1.959617e-01	-1.261673e-01	1.610645e-01	-1.641503e-02	1.944568e-03	2.553169e-02	1.471041e-02	1.082128e-02
444           	4.174893e-01	1.922894e-01	2.251999e-01	6.974769e-02	1.959511e-01	-1.262034e-01	1.610773e-01	-1.645525e-02	1.952073e-03	2.560774e-02	1.475595e-02	1.085180e-02
445           	4.174451e-01	1.922516e-01	2.251934e-01	6.971776e-02	1.959104e-01	-1.261926e-01	1.610515e-01	-1.647090e-02	1.960852e-03	2.563511e-02	1.477841e-02	1.085670e-02
446           	4.174777e-01	1.922378e-01	2.252399e-01	6.968487e-02	1.958964e-01	-1.262115e-01	1.610539e-01	-1.650107e-02	1.964137e-03	2.568386e-02	1.480607e-02	1.087779e-02
447           	4.174613e-01	1.922158e-01	2.252456e-01	6.967680e-02	1.958938e-01	-1.262170e-01	1.610554e-01	-1.651490e-02	1.972264e-03	2.570395e-02	1.482424e-02	1.087971e-02
448           	4.174678e-01	1.921933e-01	2.252745e-01	6.961165e-02	1.958439e-01	-1.262323e-01	1.610381e-01	-1.654063e-02	1.974684e-03	2.575541e-02	1.485239e-02	1.090302e-02
449           	4.174207e-01	1.921705e-01	2.252502e-01	6.957882e-02	1.958072e-01	-1.262283e-01	1.610178e-01	-1.653987e-02	1.980377e-03	2.575336e-02	1.485705e-02	1.089630e-02
450           	4.174219e-01	1.921538e-01	2.252681e-01	6.955468e-02	1.957788e-01	-1.262241e-01	1.610014e-01	-1.655715e-02	1.977356e-03	2.578987e-02	1.487229e-02	1.091758e-02
451           	4.173808e-01	1.921639e-01	2.252169e-01	6.955637e-02	1.957712e-01	-1.262148e-01	1.609930e-01	-1.652652e-02	1.985125e-03	2.571649e-02	1.484337e-02	1.087312e-02
452           	4.173493e-01	1.921537e-01	2.251957e-01	6.948649e-02	1.956955e-01	-1.262090e-01	1.609523e-01	-1.652101e-02	1.981119e-03	2.570566e-02	1.483395e-02	1.087171e-02
453           	4.173109e-01	1.921736e-01	2.251373e-01	6.950088e-02	1.956882e-01	-1.261873e-01	1.609378e-01	-1.648187e-02	1.986314e-03	2.562348e-02	1.479805e-02	1.082543e-02
454           	4.172937e-01	1.921775e-01	2.251161e-01	6.948658e-02	1.956588e-01	-1.261722e-01	1.609155e-01	-1.646928e-02	1.980290e-03	2.560716e-02	1.478387e-02	1.082329e-02
455           	4.172494e-01	1.922102e-01	2.250392e-01	6.951850e-02	1.956629e-01	-1.261444e-01	1.609037e-01	-1.641455e-02	1.977282e-03	2.548777e-02	1.472117e-02	1.076660e-02
456           	4.172185e-01	1.922297e-01	2.249888e-01	6.950120e-02	1.956271e-01	-1.261259e-01	1.608765e-01	-1.637953e-02	1.961659e-03	2.542357e-02	1.467344e-02	1.075012e-02
457           	4.171799e-01	1.922657e-01	2.249142e-01	6.953502e-02	1.956300e-01	-1.260950e-01	1.608625e-01	-1.632428e-02	1.953142e-03	2.530636e-02	1.460632e-02	1.070004e-02
458           	4.171460e-01	1.922935e-01	2.248525e-01	6.951060e-02	1.955911e-01	-1.260805e-01	1.608358e-01	-1.627951e-02	1.944728e-03	2.522280e-02	1.455613e-02	1.066667e-02
459           	4.171004e-01	1.923299e-01	2.247705e-01	6.954921e-02	1.955996e-01	-1.260504e-01	1.608250e-01	-1.622033e-02	1.940938e-03	2.510166e-02	1.449177e-02	1.060989e-02
460           	4.170427e-01	1.923594e-01	2.246833e-01	6.951654e-02	1.955523e-01	-1.260358e-01	1.607940e-01	-1.616191e-02	1.931076e-03	2.500282e-02	1.443248e-02	1.057033e-02
461           	4.170087e-01	1.923994e-01	2.246093e-01	6.954836e-02	1.955699e-01	-1.260215e-01	1.607957e-01	-1.610491e-02	1.920417e-03	2.488514e-02	1.436299e-02	1.052215e-02
462           	4.169627e-01	1.924427e-01	2.245201e-01	6.952619e-02	1.955431e-01	-1.260169e-01	1.607800e-01	-1.603872e-02	1.912570e-03	2.476886e-02	1.429700e-02	1.047186e-02
463           	4.169146e-01	1.924869e-01	2.244277e-01	6.952504e-02	1.955285e-01	-1.260035e-01	1.607660e-01	-1.597038e-02	1.913135e-03	2.462992e-02	1.422809e-02	1.040182e-02
464           	4.168631e-01	1.925219e-01	2.243413e-01	6.951073e-02	1.955115e-01	-1.260008e-01	1.607562e-01	-1.590970e-02	1.902996e-03	2.453166e-02	1.416883e-02	1.036283e-02
465           	4.168367e-01	1.925689e-01	2.242678e-01	6.953115e-02	1.955372e-01	-1.260061e-01	1.607717e-01	-1.584942e-02	1.889731e-03	2.442027e-02	1.409987e-02	1.032041e-02
466           	4.168185e-01	1.926203e-01	2.241982e-01	6.952342e-02	1.955337e-01	-1.260103e-01	1.607720e-01	-1.578893e-02	1.878038e-03	2.431315e-02	1.403461e-02	1.027854e-02
467           	4.167653e-01	1.926600e-01	2.241053e-01	6.952260e-02	1.955287e-01	-1.260061e-01	1.607674e-01	-1.572262e-02	1.866237e-03	2.417999e-02	1.395623e-02	1.022376e-02
468           	4.167513e-01	1.927121e-01	2.240392e-01	6.953266e-02	1.955444e-01	-1.260118e-01	1.607781e-01	-1.566352e-02	1.850048e-03	2.407753e-02	1.388881e-02	1.018872e-02
469           	4.167100e-01	1.927497e-01	2.239602e-01	6.954052e-02	1.955561e-01	-1.260156e-01	1.607859e-01	-1.560523e-02	1.838329e-03	2.397733e-02	1.382699e-02	1.015033e-02
470           	4.167298e-01	1.927978e-01	2.239320e-01	6.952565e-02	1.955683e-01	-1.260426e-01	1.608054e-01	-1.556713e-02	1.835551e-03	2.389730e-02	1.378420e-02	1.011310e-02
471           	4.166834e-01	1.928372e-01	2.238463e-01	6.954782e-02	1.955951e-01	-1.260473e-01	1.608212e-01	-1.550456e-02	1.824562e-03	2.377901e-02	1.371407e-02	1.006494e-02
472           	4.167131e-01	1.928840e-01	2.238291e-01	6.953429e-02	1.956139e-01	-1.260796e-01	1.608467e-01	-1.547255e-02	1.817562e-03	2.371928e-02	1.367720e-02	1.004208e-02
473           	4.166867e-01	1.929153e-01	2.237714e-01	6.953288e-02	1.956272e-01	-1.260943e-01	1.608607e-01	-1.542808e-02	1.810888e-03	2.364228e-02	1.363203e-02	1.001025e-02
474           	4.167048e-01	1.929374e-01	2.237675e-01	6.951513e-02	1.956405e-01	-1.261253e-01	1.608829e-01	-1.541506e-02	1.806550e-03	2.361919e-02	1.361614e-02	1.000304e-02
475           	4.167137e-01	1.929562e-01	2.237574e-01	6.951200e-02	1.956811e-01	-1.261691e-01	1.609251e-01	-1.540059e-02	1.803557e-03	2.358737e-02	1.359724e-02	9.990127e-03
476           	4.167270e-01	1.929710e-01	2.237560e-01	6.948995e-02	1.956852e-01	-1.261952e-01	1.609402e-01	-1.539252e-02	1.791500e-03	2.356369e-02	1.357334e-02	9.990343e-03
477           	4.167183e-01	1.929901e-01	2.237281e-01	6.946889e-02	1.956920e-01	-1.262231e-01	1.609575e-01	-1.536900e-02	1.782953e-03	2.352030e-02	1.354310e-02	9.977197e-03
478           	4.167357e-01	1.930022e-01	2.237335e-01	6.949383e-02	1.957262e-01	-1.262323e-01	1.609793e-01	-1.536566e-02	1.771014e-03	2.351436e-02	1.352820e-02	9.986169e-03
479           	4.167505e-01	1.930403e-01	2.237102e-01	6.950224e-02	1.957532e-01	-1.262509e-01	1.610021e-01	-1.533496e-02	1.771291e-03	2.345147e-02	1.349703e-02	9.954446e-03
480           	4.167759e-01	1.930667e-01	2.237092e-01	6.952227e-02	1.957877e-01	-1.262654e-01	1.610265e-01	-1.532129e-02	1.756160e-03	2.341902e-02	1.346567e-02	9.953351e-03
481           	4.167923e-01	1.931023e-01	2.236899e-01	6.950864e-02	1.957924e-01	-1.262837e-01	1.610381e-01	-1.529381e-02	1.745085e-03	2.336556e-02	1.342787e-02	9.937695e-03
482           	4.168093e-01	1.931279e-01	2.236814e-01	6.954028e-02	1.958182e-01	-1.262779e-01	1.610481e-01	-1.527675e-02	1.729417e-03	2.332860e-02	1.339372e-02	9.934881e-03
483           	4.168409e-01	1.931667e-01	2.236742e-01	6.957205e-02	1.958609e-01	-1.262888e-01	1.610749e-01	-1.525371e-02	1.717611e-03	2.328024e-02	1.335773e-02	9.922510e-03
484           	4.168627e-01	1.931762e-01	2.236865e-01	6.957932e-02	1.958709e-01	-1.262916e-01	1.610812e-01	-1.525516e-02	1.696742e-03	2.328769e-02	1.334059e-02	9.947103e-03
485           	4.168886e-01	1.931828e-01	2.237058e-01	6.957656e-02	1.958823e-01	-1.263058e-01	1.610941e-01	-1.526153e-02	1.682947e-03	2.329137e-02	1.332863e-02	9.962736e-03
486           	4.168909e-01	1.931862e-01	2.237047e-01	6.957996e-02	1.958860e-01	-1.263061e-01	1.610961e-01	-1.525923e-02	1.670533e-03	2.328164e-02	1.331135e-02	9.970285e-03
487           	4.169034e-01	1.931867e-01	2.237167e-01	6.959640e-02	1.959076e-01	-1.263112e-01	1.611094e-01	-1.526502e-02	1.657787e-03	2.328393e-02	1.329975e-02	9.984177e-03
488           	4.168934e-01	1.931539e-01	2.237395e-01	6.957307e-02	1.958833e-01	-1.263102e-01	1.610968e-01	-1.529284e-02	1.637014e-03	2.333663e-02	1.330533e-02	1.003130e-02
489           	4.169332e-01	1.931558e-01	2.237774e-01	6.959274e-02	1.959241e-01	-1.263314e-01	1.611278e-01	-1.531081e-02	1.624151e-03	2.336016e-02	1.330423e-02	1.005593e-02
490           	4.169561e-01	1.931396e-01	2.238165e-01	6.953000e-02	1.958889e-01	-1.263589e-01	1.611239e-01	-1.533847e-02	1.608968e-03	2.341258e-02	1.331526e-02	1.009732e-02
491           	4.169673e-01	1.931333e-01	2.238340e-01	6.954176e-02	1.959103e-01	-1.263685e-01	1.611394e-01	-1.535032e-02	1.600270e-03	2.341695e-02	1.330875e-02	1.010821e-02
492           	4.169546e-01	1.931001e-01	2.238545e-01	6.951062e-02	1.958798e-01	-1.263692e-01	1.611245e-01	-1.537717e-02	1.578568e-03	2.346393e-02	1.331053e-02	1.015340e-02
493           	4.169707e-01	1.930894e-01	2.238812e-01	6.953431e-02	1.959175e-01	-1.263832e-01	1.611503e-01	-1.539588e-02	1.563115e-03	2.349323e-02	1.330973e-02	1.018350e-02
494           	4.169964e-01	1.930681e-01	2.239283e-01	6.949208e-02	1.958939e-01	-1.264018e-01	1.611478e-01	-1.543008e-02	1.545143e-03	2.356226e-02	1.332627e-02	1.023599e-02
495           	4.169934e-01	1.930528e-01	2.239406e-01	6.949132e-02	1.958960e-01	-1.264046e-01	1.611503e-01	-1.544391e-02	1.543998e-03	2.358875e-02	1.333837e-02	1.025038e-02
496           	4.170003e-01	1.930124e-01	2.239879e-01	6.947161e-02	1.958771e-01	-1.264055e-01	1.611413e-01	-1.548774e-02	1.525156e-03	2.368138e-02	1.336584e-02	1.031553e-02
497           	4.170096e-01	1.929957e-01	2.240140e-01	6.948237e-02	1.959024e-01	-1.264201e-01	1.611612e-01	-1.550916e-02	1.523464e-03	2.372105e-02	1.338399e-02	1.033706e-02
498           	4.170365e-01	1.929712e-01	2.240653e-01	6.946594e-02	1.958916e-01	-1.264257e-01	1.611586e-01	-1.554707e-02	1.514281e-03	2.379399e-02	1.341128e-02	1.038272e-02
499           	4.170213e-01	1.929609e-01	2.240604e-01	6.945049e-02	1.958716e-01	-1.264211e-01	1.611464e-01	-1.554976e-02	1.525762e-03	2.380409e-02	1.342781e-02	1.037628e-02
500           	4.170212e-01	1.929201e-01	2.241011e-01	6.947446e-02	1.958748e-01	-1.264003e-01	1.611375e-01	-1.559050e-02	1.523807e-03	2.389585e-02	1.347173e-02	1.042412e-02
